# WiseModel 0.0.1
BONECOUNT: 68
FPS: 30
GLOBAL_TRANSFORM:
0.01000 0.00000 0.00000 0.00000
0.00000 0.01000 0.00000 0.00000
0.00000 -0.00000 0.01000 0.00000
0.00000 0.00000 0.00000 1.00000

BONE_NAME: mixamorig:Hips
PARENT_INDEX: -1
OFFSET_MATRIX:
1.00000 -0.00000 -0.00000 0.00000
0.00000 0.00000 1.00000 0.00000
-0.00000 -1.00000 0.00000 0.00000
-0.00020 -124.14586 0.17099 1.00000

BONE_NAME: mixamorig:Spine
PARENT_INDEX: 0
OFFSET_MATRIX:
1.00000 -0.00000 0.00000 0.00000
-0.00000 -0.02464 0.99970 0.00000
-0.00000 -0.99970 -0.02464 0.00000
0.00087 -134.02824 -3.93302 1.00000

BONE_NAME: mixamorig:Spine1
PARENT_INDEX: 1
OFFSET_MATRIX:
1.00000 0.00000 0.00000 0.00000
0.00000 -0.07697 0.99703 0.00000
0.00000 -0.99703 -0.07697 0.00000
0.00087 -145.22029 -11.55483 1.00000

BONE_NAME: mixamorig:Spine2
PARENT_INDEX: 2
OFFSET_MATRIX:
1.00000 -0.00000 -0.00000 0.00000
0.00000 0.00000 1.00000 0.00000
-0.00000 -1.00000 0.00000 0.00000
0.00087 -158.92953 0.68002 1.00000

BONE_NAME: mixamorig:Neck
PARENT_INDEX: 3
OFFSET_MATRIX:
1.00000 -0.00000 -0.00000 0.00000
0.00000 0.00000 1.00000 0.00000
-0.00000 -1.00000 -0.00000 0.00000
0.00087 -173.83662 6.58296 1.00000

BONE_NAME: mixamorig:Head
PARENT_INDEX: 4
OFFSET_MATRIX:
1.00000 -0.00000 -0.00000 0.00000
0.00000 0.00000 1.00000 0.00000
-0.00000 -1.00000 0.00000 0.00000
0.00087 -184.75076 5.37126 1.00000

BONE_NAME: mixamorig:HeadTop_End
PARENT_INDEX: 5
OFFSET_MATRIX:
1.00000 -0.00000 -0.00000 0.00000
0.00000 0.00000 1.00000 0.00000
-0.00000 -1.00000 0.00000 0.00000
0.11922 -218.65527 2.99044 1.00000

BONE_NAME: mixamorig:LeftShoulder
PARENT_INDEX: 3
OFFSET_MATRIX:
0.00262 0.99769 -0.06794 0.00000
-1.00000 0.00261 -0.00018 0.00000
-0.00000 0.06794 0.99769 0.00000
-6.59342 3.35616 171.15654 1.00000

BONE_NAME: mixamorig:LeftArm
PARENT_INDEX: 7
OFFSET_MATRIX:
0.00000 0.99999 0.00349 0.00000
-1.00000 0.00000 0.00000 0.00000
0.00000 -0.00349 0.99999 0.00000
-6.54908 -17.51390 170.34183 1.00000

BONE_NAME: mixamorig:LeftForeArm
PARENT_INDEX: 8
OFFSET_MATRIX:
0.01745 0.99984 0.00349 0.00000
-0.99985 0.01745 0.00000 0.00000
-0.00006 -0.00349 0.99999 0.00000
-7.35018 -45.83905 170.34192 1.00000

BONE_NAME: mixamorig:LeftHand
PARENT_INDEX: 9
OFFSET_MATRIX:
0.01745 0.99984 0.00349 0.00000
-0.99985 0.01745 0.00000 0.00000
-0.00006 -0.00349 0.99999 0.00000
-7.35019 -73.82799 170.34186 1.00000

BONE_NAME: mixamorig:LeftHandThumb1
PARENT_INDEX: 10
OFFSET_MATRIX:
0.52418 0.76823 -0.36751 0.00000
-0.85128 0.46066 -0.25123 0.00000
-0.02370 0.44454 0.89545 0.00000
-47.20931 17.21552 178.56827 1.00000

BONE_NAME: mixamorig:LeftHandThumb2
PARENT_INDEX: 11
OFFSET_MATRIX:
0.52417 0.76824 -0.36750 0.00000
-0.85128 0.46066 -0.25122 0.00000
-0.02371 0.44453 0.89545 0.00000
-47.20959 13.13531 178.56836 1.00000

BONE_NAME: mixamorig:LeftHandThumb3
PARENT_INDEX: 12
OFFSET_MATRIX:
0.52418 0.76823 -0.36750 0.00000
-0.85128 0.46067 -0.25122 0.00000
-0.02370 0.44453 0.89545 0.00000
-47.20948 9.44345 178.56839 1.00000

BONE_NAME: mixamorig:LeftHandThumb4
PARENT_INDEX: 13
OFFSET_MATRIX:
0.52418 0.76823 -0.36750 0.00000
-0.85128 0.46067 -0.25122 0.00000
-0.02370 0.44453 0.89545 0.00000
-47.20950 6.33193 178.56836 1.00000

BONE_NAME: mixamorig:LeftHandIndex1
PARENT_INDEX: 10
OFFSET_MATRIX:
0.01746 0.99984 0.00349 0.00000
-0.99985 0.01746 -0.00000 0.00000
-0.00006 -0.00349 0.99999 0.00000
-4.73069 -87.30093 169.97885 1.00000

BONE_NAME: mixamorig:LeftHandIndex2
PARENT_INDEX: 15
OFFSET_MATRIX:
0.01746 0.99984 0.00349 0.00000
-0.99985 0.01746 0.00000 0.00000
-0.00006 -0.00349 0.99999 0.00000
-4.73087 -90.28027 169.97838 1.00000

BONE_NAME: mixamorig:LeftHandIndex3
PARENT_INDEX: 16
OFFSET_MATRIX:
0.01745 0.99984 0.00348 0.00000
-0.99985 0.01745 0.00000 0.00000
-0.00006 -0.00348 0.99999 0.00000
-4.72993 -92.93358 169.97935 1.00000

BONE_NAME: mixamorig:LeftHandIndex4
PARENT_INDEX: 17
OFFSET_MATRIX:
0.01745 0.99984 0.00350 0.00000
-0.99985 0.01745 -0.00000 0.00000
-0.00006 -0.00350 0.99999 0.00000
-4.73005 -95.55491 169.97823 1.00000

BONE_NAME: mixamorig:LeftHandMiddle1
PARENT_INDEX: 10
OFFSET_MATRIX:
0.01746 0.99984 0.00350 0.00000
-0.99985 0.01746 0.00000 0.00000
-0.00006 -0.00350 0.99999 0.00000
-7.35046 -88.37387 170.34135 1.00000

BONE_NAME: mixamorig:LeftHandMiddle2
PARENT_INDEX: 19
OFFSET_MATRIX:
0.01747 0.99984 0.00348 0.00000
-0.99985 0.01747 -0.00000 0.00000
-0.00006 -0.00348 0.99999 0.00000
-7.35172 -91.18919 170.34320 1.00000

BONE_NAME: mixamorig:LeftHandMiddle3
PARENT_INDEX: 20
OFFSET_MATRIX:
0.01745 0.99984 0.00348 0.00000
-0.99985 0.01745 0.00000 0.00000
-0.00006 -0.00348 0.99999 0.00000
-7.35017 -93.88002 170.34311 1.00000

BONE_NAME: mixamorig:LeftHandMiddle4
PARENT_INDEX: 21
OFFSET_MATRIX:
0.01745 0.99984 0.00347 0.00000
-0.99985 0.01745 -0.00000 0.00000
-0.00006 -0.00347 0.99999 0.00000
-7.35023 -96.40659 170.34370 1.00000

BONE_NAME: mixamorig:LeftHandRing1
PARENT_INDEX: 10
OFFSET_MATRIX:
0.01745 0.99984 0.00349 0.00000
-0.99985 0.01745 -0.00000 0.00000
-0.00006 -0.00349 0.99999 0.00000
-10.33632 -87.45180 170.59590 1.00000

BONE_NAME: mixamorig:LeftHandRing2
PARENT_INDEX: 23
OFFSET_MATRIX:
0.01744 0.99984 0.00349 0.00000
-0.99985 0.01744 -0.00000 0.00000
-0.00006 -0.00349 0.99999 0.00000
-10.33508 -90.09528 170.59642 1.00000

BONE_NAME: mixamorig:LeftHandRing3
PARENT_INDEX: 24
OFFSET_MATRIX:
0.01747 0.99984 0.00349 0.00000
-0.99985 0.01747 0.00000 0.00000
-0.00006 -0.00349 0.99999 0.00000
-10.33769 -92.64325 170.59608 1.00000

BONE_NAME: mixamorig:LeftHandRing4
PARENT_INDEX: 25
OFFSET_MATRIX:
0.01747 0.99984 0.00350 0.00000
-0.99985 0.01747 0.00000 0.00000
-0.00006 -0.00350 0.99999 0.00000
-10.33772 -94.82207 170.59540 1.00000

BONE_NAME: mixamorig:LeftHandPinky1
PARENT_INDEX: 10
OFFSET_MATRIX:
0.01743 0.99984 0.00349 0.00000
-0.99985 0.01744 -0.00000 0.00000
-0.00006 -0.00349 0.99999 0.00000
-12.32963 -86.09956 169.86525 1.00000

BONE_NAME: mixamorig:LeftHandPinky2
PARENT_INDEX: 27
OFFSET_MATRIX:
0.01746 0.99984 0.00349 0.00000
-0.99985 0.01746 -0.00000 0.00000
-0.00006 -0.00349 0.99999 0.00000
-12.33178 -88.08879 169.86545 1.00000

BONE_NAME: mixamorig:LeftHandPinky3
PARENT_INDEX: 28
OFFSET_MATRIX:
0.01743 0.99984 0.00349 0.00000
-0.99985 0.01743 -0.00000 0.00000
-0.00006 -0.00349 0.99999 0.00000
-12.32951 -89.79249 169.86497 1.00000

BONE_NAME: mixamorig:LeftHandPinky4
PARENT_INDEX: 29
OFFSET_MATRIX:
0.01743 0.99984 0.00349 0.00000
-0.99985 0.01743 -0.00000 0.00000
-0.00006 -0.00349 0.99999 0.00000
-12.32953 -91.37866 169.86496 1.00000

BONE_NAME: mixamorig:RightShoulder
PARENT_INDEX: 3
OFFSET_MATRIX:
0.00262 -0.99719 0.07490 0.00000
1.00000 0.00261 -0.00020 0.00000
-0.00000 0.07490 0.99719 0.00000
6.59359 4.45998 171.07732 1.00000

BONE_NAME: mixamorig:RightArm
PARENT_INDEX: 31
OFFSET_MATRIX:
0.00000 -0.99999 0.00349 0.00000
1.00000 0.00000 0.00000 0.00000
-0.00000 0.00349 0.99999 0.00000
6.54910 -16.40588 170.34193 1.00000

BONE_NAME: mixamorig:RightForeArm
PARENT_INDEX: 32
OFFSET_MATRIX:
0.01745 -0.99984 0.00349 0.00000
0.99985 0.01745 0.00000 0.00000
-0.00006 0.00349 0.99999 0.00000
7.34316 -45.43620 170.34190 1.00000

BONE_NAME: mixamorig:RightHand
PARENT_INDEX: 33
OFFSET_MATRIX:
0.01745 -0.99984 0.00349 0.00000
0.99985 0.01745 0.00000 0.00000
-0.00006 0.00349 0.99999 0.00000
7.34316 -73.00939 170.34189 1.00000

BONE_NAME: mixamorig:RightHandThumb1
PARENT_INDEX: 34
OFFSET_MATRIX:
0.52324 -0.76511 0.37525 0.00000
0.85200 0.46067 -0.24875 0.00000
0.01745 0.44987 0.89292 0.00000
46.11678 18.35576 178.33794 1.00000

BONE_NAME: mixamorig:RightHandThumb2
PARENT_INDEX: 35
OFFSET_MATRIX:
0.52325 -0.76511 0.37527 0.00000
0.85200 0.46067 -0.24875 0.00000
0.01745 0.44989 0.89292 0.00000
46.11646 14.63937 178.33774 1.00000

BONE_NAME: mixamorig:RightHandThumb3
PARENT_INDEX: 36
OFFSET_MATRIX:
0.52324 -0.76511 0.37527 0.00000
0.85201 0.46065 -0.24876 0.00000
0.01746 0.44989 0.89291 0.00000
46.11679 11.03159 178.33768 1.00000

BONE_NAME: mixamorig:RightHandThumb4
PARENT_INDEX: 37
OFFSET_MATRIX:
0.52324 -0.76511 0.37527 0.00000
0.85201 0.46065 -0.24876 0.00000
0.01746 0.44989 0.89291 0.00000
46.11678 7.88829 178.33768 1.00000

BONE_NAME: mixamorig:RightHandIndex1
PARENT_INDEX: 34
OFFSET_MATRIX:
0.01744 -0.99984 0.00349 0.00000
0.99985 0.01744 0.00000 0.00000
-0.00006 0.00349 0.99999 0.00000
4.72213 -85.01191 169.81813 1.00000

BONE_NAME: mixamorig:RightHandIndex2
PARENT_INDEX: 39
OFFSET_MATRIX:
0.01746 -0.99984 0.00349 0.00000
0.99985 0.01746 0.00000 0.00000
-0.00006 0.00349 0.99999 0.00000
4.72346 -87.98961 169.81859 1.00000

BONE_NAME: mixamorig:RightHandIndex3
PARENT_INDEX: 40
OFFSET_MATRIX:
0.01746 -0.99984 0.00350 0.00000
0.99985 0.01746 -0.00000 0.00000
-0.00006 0.00350 0.99999 0.00000
4.72345 -90.58781 169.81883 1.00000

BONE_NAME: mixamorig:RightHandIndex4
PARENT_INDEX: 41
OFFSET_MATRIX:
0.01746 -0.99984 0.00349 0.00000
0.99985 0.01746 -0.00000 0.00000
-0.00006 0.00349 0.99999 0.00000
4.72354 -93.29446 169.81834 1.00000

BONE_NAME: mixamorig:RightHandMiddle1
PARENT_INDEX: 34
OFFSET_MATRIX:
0.01746 -0.99984 0.00349 0.00000
0.99985 0.01746 -0.00000 0.00000
-0.00006 0.00349 0.99999 0.00000
7.34348 -85.94260 170.34209 1.00000

BONE_NAME: mixamorig:RightHandMiddle2
PARENT_INDEX: 43
OFFSET_MATRIX:
0.01745 -0.99984 0.00350 0.00000
0.99985 0.01745 -0.00000 0.00000
-0.00006 0.00350 0.99999 0.00000
7.34318 -88.76063 170.34253 1.00000

BONE_NAME: mixamorig:RightHandMiddle3
PARENT_INDEX: 44
OFFSET_MATRIX:
0.01746 -0.99984 0.00349 0.00000
0.99985 0.01746 -0.00000 0.00000
-0.00006 0.00349 0.99999 0.00000
7.34353 -91.41941 170.34203 1.00000

BONE_NAME: mixamorig:RightHandMiddle4
PARENT_INDEX: 45
OFFSET_MATRIX:
0.01746 -0.99984 0.00349 0.00000
0.99985 0.01746 -0.00000 0.00000
-0.00006 0.00348 0.99999 0.00000
7.34351 -94.10447 170.34148 1.00000

BONE_NAME: mixamorig:RightHandRing1
PARENT_INDEX: 34
OFFSET_MATRIX:
0.01745 -0.99984 0.00349 0.00000
0.99985 0.01746 -0.00000 0.00000
-0.00006 0.00349 0.99999 0.00000
10.59832 -85.39053 170.35316 1.00000

BONE_NAME: mixamorig:RightHandRing2
PARENT_INDEX: 47
OFFSET_MATRIX:
0.01746 -0.99984 0.00349 0.00000
0.99985 0.01746 0.00000 0.00000
-0.00006 0.00349 0.99999 0.00000
10.59902 -88.03568 170.35266 1.00000

BONE_NAME: mixamorig:RightHandRing3
PARENT_INDEX: 48
OFFSET_MATRIX:
0.01745 -0.99984 0.00349 0.00000
0.99985 0.01745 -0.00000 0.00000
-0.00006 0.00349 0.99999 0.00000
10.59828 -90.92413 170.35327 1.00000

BONE_NAME: mixamorig:RightHandRing4
PARENT_INDEX: 49
OFFSET_MATRIX:
0.01745 -0.99984 0.00349 0.00000
0.99985 0.01745 0.00000 0.00000
-0.00006 0.00349 0.99999 0.00000
10.59809 -93.56865 170.35275 1.00000

BONE_NAME: mixamorig:RightHandPinky1
PARENT_INDEX: 34
OFFSET_MATRIX:
0.01747 -0.99984 0.00349 0.00000
0.99985 0.01747 -0.00000 0.00000
-0.00006 0.00349 0.99999 0.00000
12.50063 -83.45747 169.82349 1.00000

BONE_NAME: mixamorig:RightHandPinky2
PARENT_INDEX: 51
OFFSET_MATRIX:
0.01746 -0.99984 0.00349 0.00000
0.99985 0.01746 -0.00000 0.00000
-0.00006 0.00349 0.99999 0.00000
12.49963 -85.79778 169.82336 1.00000

BONE_NAME: mixamorig:RightHandPinky3
PARENT_INDEX: 52
OFFSET_MATRIX:
0.01746 -0.99984 0.00349 0.00000
0.99985 0.01746 -0.00000 0.00000
-0.00006 0.00349 0.99999 0.00000
12.50022 -87.93720 169.82339 1.00000

BONE_NAME: mixamorig:RightHandPinky4
PARENT_INDEX: 53
OFFSET_MATRIX:
0.01746 -0.99984 0.00351 0.00000
0.99985 0.01746 0.00000 0.00000
-0.00006 0.00351 0.99999 0.00000
12.49964 -89.54382 169.82515 1.00000

BONE_NAME: mixamorig:LeftUpLeg
PARENT_INDEX: 0
OFFSET_MATRIX:
-1.00000 -0.00000 -0.00000 0.00000
-0.00000 0.10689 0.99424 0.00000
-0.00000 0.99427 -0.10688 0.00000
12.20171 121.46790 -12.89885 1.00000

BONE_NAME: mixamorig:LeftLeg
PARENT_INDEX: 55
OFFSET_MATRIX:
-1.00000 0.00000 -0.00001 0.00000
-0.00001 -0.16507 0.98625 0.00000
-0.00000 0.98628 0.16508 0.00000
12.20175 67.03027 5.36806 1.00000

BONE_NAME: mixamorig:LeftFoot
PARENT_INDEX: 56
OFFSET_MATRIX:
-0.98980 0.13757 0.03689 0.00000
0.12335 0.69840 0.70496 0.00000
0.07122 0.70235 -0.70826 0.00000
13.31929 8.72759 -5.93501 1.00000

BONE_NAME: mixamorig:LeftToeBase
PARENT_INDEX: 57
OFFSET_MATRIX:
-0.99532 0.09668 -0.00078 0.00000
0.09668 0.99525 -0.00805 0.00000
0.00000 -0.00808 -0.99997 0.00000
13.59869 -8.97709 0.02807 1.00000

BONE_NAME: mixamorig:LeftToe_End
PARENT_INDEX: 58
OFFSET_MATRIX:
-0.99532 0.09668 -0.00078 0.00000
0.09668 0.99525 -0.00805 0.00000
0.00000 -0.00808 -0.99997 0.00000
13.59869 -21.37377 0.02807 1.00000

BONE_NAME: mixamorig:RightUpLeg
PARENT_INDEX: 0
OFFSET_MATRIX:
-1.00000 -0.00000 -0.00000 0.00000
-0.00000 0.10689 0.99424 0.00000
-0.00000 0.99427 -0.10688 0.00000
-12.20181 121.46806 -12.89883 1.00000

BONE_NAME: mixamorig:RightLeg
PARENT_INDEX: 60
OFFSET_MATRIX:
-1.00000 0.00000 -0.00000 0.00000
-0.00000 -0.16507 0.98625 0.00000
0.00000 0.98628 0.16508 0.00000
-12.20180 67.03030 5.36798 1.00000

BONE_NAME: mixamorig:RightFoot
PARENT_INDEX: 61
OFFSET_MATRIX:
-0.98980 -0.13757 -0.03690 0.00000
-0.12335 0.69840 0.70496 0.00000
-0.07122 0.70235 -0.70826 0.00000
-13.31928 8.72770 -5.93510 1.00000

BONE_NAME: mixamorig:RightToeBase
PARENT_INDEX: 62
OFFSET_MATRIX:
-0.99531 -0.09669 0.00078 0.00000
-0.09669 0.99525 -0.00805 0.00000
0.00000 -0.00808 -0.99997 0.00000
-13.59862 -8.97716 0.02800 1.00000

BONE_NAME: mixamorig:RightToe_End
PARENT_INDEX: 63
OFFSET_MATRIX:
-0.99531 -0.09669 0.00078 0.00000
-0.09669 0.99525 -0.00805 0.00000
0.00000 -0.00808 -0.99997 0.00000
-13.59861 -21.37384 0.02799 1.00000

BONE_NAME: mixamorig:Ribbon1
PARENT_INDEX: 0
OFFSET_MATRIX:
-1.00000 0.00000 0.00000 0.00000
0.00000 0.02804 0.99961 0.00000
-0.00000 0.99961 -0.02804 0.00000
-0.00000 102.40279 -17.11261 1.00000

BONE_NAME: mixamorig:Ribbon2
PARENT_INDEX: 65
OFFSET_MATRIX:
-1.00000 0.00000 -0.00000 0.00000
0.00000 -0.00000 1.00000 0.00000
-0.00000 1.00000 -0.00000 0.00000
-0.00000 78.73410 -14.91041 1.00000

BONE_NAME: mixamorig:Ribbon3
PARENT_INDEX: 66
OFFSET_MATRIX:
-1.00000 0.00000 -0.00000 0.00000
0.00000 -0.00000 1.00000 0.00000
-0.00000 1.00000 0.00000 0.00000
-0.00000 60.51896 -14.91041 1.00000

# ========== Armature|mixamo.com|Layer0 ==========
DURATION: 0.66667

KEYFRAME: 0
TIMESTAMP: 0.00000
0.00000 124.14586 -0.17099
1.00000 0.00000 0.00000 0.00000
1.00000 1.00000 1.00000

-0.00087 134.08447 0.62875
1.00000 0.00000 0.00000 0.00000
1.00000 1.00000 1.00000

-0.00087 145.67886 0.34292
1.00000 -0.02962 0.01493 0.01247
1.00000 1.00000 1.00000

-0.34375 158.84206 -1.45703
1.00000 0.00000 0.00000 0.00000
1.00000 1.00000 1.00000

-0.87676 173.36783 -8.22340
1.00000 0.00000 0.00000 0.00000
1.00000 1.00000 1.00000

-1.09551 184.33217 -7.65633
1.00000 0.00000 0.00000 0.00000
1.00000 1.00000 1.00000

-1.93617 218.30779 -7.27109
1.00000 0.00000 0.00000 0.00000
1.00000 1.00000 1.00000

7.48238 170.70596 -8.31292
1.00000 0.00000 0.00000 0.00000
1.00000 1.00000 1.00000

16.11190 170.30766 -8.53457
1.00000 0.00000 0.00000 0.00000
1.00000 1.00000 1.00000

44.53453 171.02148 -9.45999
1.00000 0.00000 0.00000 0.00000
1.00000 1.00000 1.00000

72.51061 171.75275 -9.88302
1.00000 0.00000 0.00000 0.00000
1.00000 1.00000 1.00000

76.43593 170.07671 -7.09556
1.00000 0.00000 0.00000 0.00000
1.00000 1.00000 1.00000

79.66735 168.44696 -5.21578
1.00000 0.00000 0.00000 0.00000
1.00000 1.00000 1.00000

82.59270 166.97163 -3.51407
1.00000 0.00000 0.00000 0.00000
1.00000 1.00000 1.00000

85.05817 165.72821 -2.07986
1.00000 0.00000 0.00000 0.00000
1.00000 1.00000 1.00000

86.02315 171.89711 -7.45021
1.00000 0.00000 0.00000 0.00000
1.00000 1.00000 1.00000

89.00024 171.97493 -7.49521
1.00000 0.00000 0.00000 0.00000
1.00000 1.00000 1.00000

91.65410 172.04431 -7.53532
1.00000 0.00000 0.00000 0.00000
1.00000 1.00000 1.00000

94.27224 172.11273 -7.57492
1.00000 0.00000 0.00000 0.00000
1.00000 1.00000 1.00000

87.04895 172.13275 -10.10288
1.00000 0.00000 0.00000 0.00000
1.00000 1.00000 1.00000

89.86655 172.20642 -10.14548
1.00000 0.00000 0.00000 0.00000
1.00000 1.00000 1.00000

92.55591 172.27669 -10.18610
1.00000 0.00000 0.00000 0.00000
1.00000 1.00000 1.00000

95.08236 172.34270 -10.22430
1.00000 0.00000 0.00000 0.00000
1.00000 1.00000 1.00000

86.08094 172.18581 -13.08440
1.00000 0.00000 0.00000 0.00000
1.00000 1.00000 1.00000

88.72398 172.25490 -13.12436
1.00000 0.00000 0.00000 0.00000
1.00000 1.00000 1.00000

91.27045 172.32144 -13.16290
1.00000 0.00000 0.00000 0.00000
1.00000 1.00000 1.00000

93.44708 172.37834 -13.19578
1.00000 0.00000 0.00000 0.00000
1.00000 1.00000 1.00000

84.72215 171.30327 -15.01228
1.00000 0.00000 0.00000 0.00000
1.00000 1.00000 1.00000

86.71117 171.35526 -15.04239
1.00000 0.00000 0.00000 0.00000
1.00000 1.00000 1.00000

88.41286 171.39973 -15.06811
1.00000 0.00000 0.00000 0.00000
1.00000 1.00000 1.00000

89.99832 171.44118 -15.09212
1.00000 0.00000 0.00000 0.00000
1.00000 1.00000 1.00000

-9.18401 170.28745 -7.77026
1.00000 0.00000 0.00000 0.00000
1.00000 1.00000 1.00000

-17.77887 169.45665 -7.43110
1.00000 0.00000 0.00000 0.00000
1.00000 1.00000 1.00000

-46.90571 168.72522 -6.48270
1.00000 0.00000 0.00000 0.00000
1.00000 1.00000 1.00000

-74.43649 168.06215 -5.10568
1.00000 0.00000 0.00000 0.00000
1.00000 1.00000 1.00000

-77.59660 166.37317 -2.21945
1.00000 0.00000 0.00000 0.00000
1.00000 1.00000 1.00000

-80.34782 164.74376 -0.31952
1.00000 0.00000 0.00000 0.00000
1.00000 1.00000 1.00000

-83.01664 163.16315 1.52354
1.00000 0.00000 0.00000 0.00000
1.00000 1.00000 1.00000

-85.34173 161.78607 3.12918
1.00000 0.00000 0.00000 0.00000
1.00000 1.00000 1.00000

-86.27945 167.40799 -1.86326
1.00000 0.00000 0.00000 0.00000
1.00000 1.00000 1.00000

-89.25349 167.33636 -1.71454
1.00000 0.00000 0.00000 0.00000
1.00000 1.00000 1.00000

-91.84820 167.27386 -1.58475
1.00000 0.00000 0.00000 0.00000
1.00000 1.00000 1.00000

-94.54971 167.20879 -1.44961
1.00000 0.00000 0.00000 0.00000
1.00000 1.00000 1.00000

-87.35027 167.75111 -4.45976
1.00000 0.00000 0.00000 0.00000
1.00000 1.00000 1.00000

-90.16476 167.68332 -4.31897
1.00000 0.00000 0.00000 0.00000
1.00000 1.00000 1.00000

-92.81850 167.61938 -4.18623
1.00000 0.00000 0.00000 0.00000
1.00000 1.00000 1.00000

-95.49846 167.55484 -4.05218
1.00000 0.00000 0.00000 0.00000
1.00000 1.00000 1.00000

-86.95692 167.58034 -7.73318
1.00000 0.00000 0.00000 0.00000
1.00000 1.00000 1.00000

-89.59707 167.51674 -7.60112
1.00000 0.00000 0.00000 0.00000
1.00000 1.00000 1.00000

-92.48215 167.44727 -7.45679
1.00000 0.00000 0.00000 0.00000
1.00000 1.00000 1.00000

-95.12161 167.38368 -7.32476
1.00000 0.00000 0.00000 0.00000
1.00000 1.00000 1.00000

-85.10439 166.98441 -9.69433
1.00000 0.00000 0.00000 0.00000
1.00000 1.00000 1.00000

-87.44064 166.92815 -9.57745
1.00000 0.00000 0.00000 0.00000
1.00000 1.00000 1.00000

-89.57700 166.87669 -9.47058
1.00000 0.00000 0.00000 0.00000
1.00000 1.00000 1.00000

-91.18433 166.83798 -9.39017
1.00000 0.00000 0.00000 0.00000
1.00000 1.00000 1.00000

12.20177 122.15086 -0.15774
1.00000 0.00000 0.00000 0.00000
1.00000 1.00000 1.00000

12.20174 66.99689 5.77136
1.00000 0.00000 0.00000 0.00000
1.00000 1.00000 1.00000

12.20178 11.28193 -3.55440
1.00000 0.00000 0.00000 0.00000
1.00000 1.00000 1.00000

14.40293 0.04456 7.62042
1.00000 0.00000 0.00000 0.00000
1.00000 1.00000 1.00000

15.60146 0.14486 19.95901
1.00000 0.00000 0.00000 0.00000
1.00000 1.00000 1.00000

-12.20180 122.15100 -0.15774
1.00000 0.00000 0.00000 0.00000
1.00000 1.00000 1.00000

-12.20181 66.99690 5.77136
1.00000 0.00000 0.00000 0.00000
1.00000 1.00000 1.00000

-12.20180 11.28201 -3.55440
1.00000 0.00000 0.00000 0.00000
1.00000 1.00000 1.00000

-14.40290 0.04460 7.62042
1.00000 0.00000 0.00000 0.00000
1.00000 1.00000 1.00000

-15.60150 0.14489 19.95900
1.00000 0.00000 0.00000 0.00000
1.00000 1.00000 1.00000

-0.00000 102.84245 14.23404
1.00000 0.00000 0.00000 0.00000
1.00000 1.00000 1.00000

-0.00000 78.73413 14.91041
1.00000 0.00000 0.00000 0.00000
1.00000 1.00000 1.00000

-0.00000 60.51898 14.91041
1.00000 0.00000 0.00000 0.00000
1.00000 1.00000 1.00000

KEYFRAME: 1
TIMESTAMP: 0.03333
0.46564 108.26151 -4.11639
0.99519 0.07009 -0.04102 -0.05471
1.00000 1.00000 1.00000

1.41843 117.93508 -1.89607
0.98542 0.11258 0.11733 0.05015
1.00000 1.00000 1.00000

1.53556 128.83313 2.07008
0.99937 -0.02962 0.01493 0.01247
1.00000 1.00000 1.00000

1.12836 141.72896 5.25736
0.99939 -0.02925 0.01585 0.01019
1.00000 1.00000 1.00000

-0.75251 157.55943 3.54741
0.99866 0.03881 -0.02062 -0.02749
1.00000 1.00000 1.00000

-0.35164 167.48608 8.22582
0.98346 -0.17151 -0.05768 0.00757
1.00000 1.00000 1.00000

-1.39396 201.39757 10.25628
1.00000 0.00000 0.00000 0.00000
1.00000 1.00000 1.00000

7.51488 155.61815 1.34507
0.99624 0.04067 0.03050 0.07010
1.00000 1.00000 1.00000

16.09628 154.87424 0.65030
0.73532 0.44241 0.41834 -0.29761
1.00000 1.00000 1.00000

26.71371 150.71906 -25.41148
0.81208 0.00000 0.00000 0.58355
1.00000 1.00000 1.00000

31.52360 123.30017 -28.31755
0.99589 0.01816 -0.08233 -0.03313
1.00000 1.00000 1.00000

29.76127 118.78548 -26.73673
0.99797 -0.05095 -0.00011 -0.03830
1.00000 1.00000 1.00000

28.62112 114.93192 -26.04253
0.99694 0.01155 -0.00014 -0.07737
1.00000 1.00000 1.00000

27.67750 111.36319 -25.97922
0.99965 -0.02111 -0.00007 -0.01623
1.00000 1.00000 1.00000

27.03502 108.31872 -25.97836
1.00000 0.00000 0.00000 0.00000
1.00000 1.00000 1.00000

32.80248 109.62950 -28.24450
0.99863 0.05187 -0.00000 -0.00626
1.00000 1.00000 1.00000

32.96481 106.72086 -28.86471
0.99423 0.10648 -0.00000 -0.01285
1.00000 1.00000 1.00000

32.56424 104.19242 -29.56890
0.99966 0.02594 0.00000 -0.00313
1.00000 1.00000 1.00000

32.04003 101.73103 -30.29531
1.00000 0.00000 0.00000 0.00000
1.00000 1.00000 1.00000

33.76449 109.16101 -30.89016
0.99864 0.05173 -0.00000 -0.00624
1.00000 1.00000 1.00000

33.91888 106.40819 -31.47692
0.99422 0.10661 -0.00000 -0.01287
1.00000 1.00000 1.00000

33.51292 103.84592 -32.19052
0.99966 0.02594 0.00000 -0.00312
1.00000 1.00000 1.00000

33.00710 101.47073 -32.89149
1.00000 0.00000 0.00000 0.00000
1.00000 1.00000 1.00000

34.37521 110.69071 -33.55780
0.99863 0.05187 -0.00000 -0.00626
1.00000 1.00000 1.00000

34.51932 108.10845 -34.10842
0.99423 0.10648 0.00000 -0.01284
1.00000 1.00000 1.00000

34.13493 105.68231 -34.78411
0.99669 0.08065 -0.00000 -0.00975
1.00000 1.00000 1.00000

33.47688 103.71223 -35.43819
1.00000 0.00000 0.00000 0.00000
1.00000 1.00000 1.00000

33.79298 112.32195 -35.38591
0.99801 0.04739 0.00186 -0.04157
1.00000 1.00000 1.00000

33.94220 110.41410 -35.93149
0.99358 0.11084 0.00382 0.02232
1.00000 1.00000 1.00000

33.68535 108.79282 -36.38302
0.99669 0.08066 0.00000 -0.00972
1.00000 1.00000 1.00000

33.20602 107.35782 -36.85945
1.00000 0.00000 0.00000 0.00000
1.00000 1.00000 1.00000

-8.81865 153.94017 4.28412
0.99850 0.03313 -0.01663 -0.04023
1.00000 1.00000 1.00000

-16.96971 151.75523 6.14502
0.89306 0.42769 0.06992 -0.12094
1.00000 1.00000 1.00000

-29.17489 125.76151 11.16165
0.69815 0.00000 0.00000 -0.71595
1.00000 1.00000 1.00000

-17.89613 126.63602 36.30730
0.97489 -0.18339 0.12327 -0.02763
1.00000 1.00000 1.00000

-15.45041 129.53154 38.91572
0.98819 -0.09982 -0.02319 0.11388
1.00000 1.00000 1.00000

-14.10202 131.09778 42.00807
0.99582 -0.02072 -0.01502 0.08772
1.00000 1.00000 1.00000

-13.12092 132.14786 45.31754
0.99913 -0.04119 -0.00590 0.00140
1.00000 1.00000 1.00000

-12.50417 133.16132 48.22837
1.00000 0.00000 0.00000 0.00000
1.00000 1.00000 1.00000

-15.93285 131.49669 47.43011
0.99961 0.02774 -0.00000 0.00337
1.00000 1.00000 1.00000

-15.51842 132.04985 50.32742
0.98943 0.14395 0.00000 0.01755
1.00000 1.00000 1.00000

-14.46315 132.28825 52.69022
0.99990 0.01387 -0.00000 0.00169
1.00000 1.00000 1.00000

-13.29902 132.51060 55.12251
1.00000 0.00000 0.00000 0.00000
1.00000 1.00000 1.00000

-16.78622 129.25107 48.92514
0.99961 0.02773 0.00000 0.00338
1.00000 1.00000 1.00000

-16.39403 129.77455 51.66703
0.98943 0.14395 -0.00000 0.01754
1.00000 1.00000 1.00000

-15.31473 130.01837 54.08357
0.99990 0.01387 -0.00000 0.00169
1.00000 1.00000 1.00000

-14.15991 130.23895 56.49646
1.00000 0.00000 0.00000 0.00000
1.00000 1.00000 1.00000

-17.36411 126.00447 49.08290
0.99961 0.02773 -0.00000 0.00338
1.00000 1.00000 1.00000

-16.99621 126.49552 51.65494
0.98943 0.14395 0.00000 0.01755
1.00000 1.00000 1.00000

-15.82284 126.76060 54.28216
0.99990 0.01387 -0.00000 0.00168
1.00000 1.00000 1.00000

-14.68548 126.97785 56.65859
1.00000 0.00000 0.00000 0.00000
1.00000 1.00000 1.00000

-17.31280 123.68899 47.57658
0.99961 0.02773 0.00000 0.00339
1.00000 1.00000 1.00000

-16.98724 124.12352 49.85257
0.98943 0.14395 -0.00000 0.01754
1.00000 1.00000 1.00000

-16.11838 124.31981 51.79798
0.99990 0.01387 -0.00000 0.00169
1.00000 1.00000 1.00000

-15.42576 124.45210 53.24514
1.00000 0.00000 0.00000 0.00000
1.00000 1.00000 1.00000

12.34636 104.89744 -3.48803
0.91532 0.38894 0.00233 0.10445
1.00000 1.00000 1.00000

15.47907 65.32875 35.26386
0.48203 -0.87441 -0.04654 0.02981
1.00000 1.00000 1.00000

12.40147 68.47756 -21.05597
0.99835 -0.02715 0.01825 0.04710
1.00000 1.00000 1.00000

17.62300 57.79424 -31.76135
1.00000 -0.00000 0.00000 -0.00000
1.00000 1.00000 1.00000

21.61297 46.07371 -31.13900
1.00000 0.00000 0.00000 0.00000
1.00000 1.00000 1.00000

-11.82900 107.69524 -5.29317
0.99457 0.03510 0.06208 0.07584
1.00000 1.00000 1.00000

-10.25214 52.32269 -2.37390
0.94383 -0.32061 -0.07556 -0.02599
1.00000 1.00000 1.00000

-5.82478 16.12712 -45.51905
0.99463 0.08210 -0.06013 0.01900
1.00000 1.00000 1.00000

-6.35684 0.58438 -41.75924
0.96299 0.26826 0.02606 -0.00021
1.00000 1.00000 1.00000

-6.26382 0.55832 -29.36254
1.00000 0.00000 0.00000 0.00000
1.00000 1.00000 1.00000

-3.01814 85.34988 7.03084
1.00000 0.00000 0.00000 0.00000
1.00000 1.00000 1.00000

-5.56511 61.53145 4.22660
1.00000 -0.00000 0.00000 0.00000
1.00000 1.00000 1.00000

-7.44384 43.60433 1.60355
1.00000 0.00000 0.00000 0.00000
1.00000 1.00000 1.00000

KEYFRAME: 2
TIMESTAMP: 0.06667
0.34918 110.63272 0.94876
0.99560 0.07354 -0.03822 -0.04363
1.00000 1.00000 1.00000

1.08979 120.31163 3.22602
0.98730 0.07287 0.13723 0.03319
1.00000 1.00000 1.00000

1.37552 131.46840 6.38141
0.99964 -0.01756 0.01676 0.01149
1.00000 1.00000 1.00000

1.17889 144.50667 8.94887
0.99965 -0.01783 0.01754 0.00904
1.00000 1.00000 1.00000

-0.67694 160.30310 6.92542
0.99803 0.05086 -0.02593 -0.02592
1.00000 1.00000 1.00000

0.11304 170.23576 11.54108
0.98411 -0.15476 -0.08645 0.01062
1.00000 1.00000 1.00000

-0.21803 204.08293 14.61635
1.00000 0.00000 0.00000 0.00000
1.00000 1.00000 1.00000

7.41714 158.22079 4.25734
0.99673 0.03217 0.02897 0.06818
1.00000 1.00000 1.00000

15.94465 157.52440 3.04365
0.72007 0.40256 0.44479 -0.34871
1.00000 1.00000 1.00000

24.97535 156.75198 -23.92043
0.76310 -0.00000 0.00000 0.64628
1.00000 1.00000 1.00000

30.25913 129.32523 -25.71750
0.98967 0.03727 -0.11935 -0.07012
1.00000 1.00000 1.00000

28.77144 124.76009 -24.00473
0.99813 -0.05066 0.00140 -0.03423
1.00000 1.00000 1.00000

27.76843 120.88824 -23.20820
0.99737 0.01175 0.00182 -0.07146
1.00000 1.00000 1.00000

26.86584 117.31344 -23.01731
0.99969 -0.02111 0.00089 -0.01326
1.00000 1.00000 1.00000

26.24646 114.26606 -22.91024
1.00000 0.00000 0.00000 0.00000
1.00000 1.00000 1.00000

31.68332 115.67357 -26.08089
0.99825 0.05867 -0.00000 -0.00708
1.00000 1.00000 1.00000

31.75260 112.77917 -26.78010
0.99347 0.11325 -0.00000 -0.01367
1.00000 1.00000 1.00000

31.21846 110.27473 -27.48138
0.99956 0.02935 0.00000 -0.00354
1.00000 1.00000 1.00000

30.54270 107.84454 -28.18740
1.00000 0.00000 0.00000 0.00000
1.00000 1.00000 1.00000

32.28977 115.26516 -28.83949
0.99826 0.05853 -0.00000 -0.00706
1.00000 1.00000 1.00000

32.35612 112.52582 -29.50111
0.99346 0.11338 -0.00000 -0.01369
1.00000 1.00000 1.00000

31.81481 109.98788 -30.21178
0.99956 0.02934 0.00000 -0.00353
1.00000 1.00000 1.00000

31.16274 107.64279 -30.89306
1.00000 0.00000 0.00000 0.00000
1.00000 1.00000 1.00000

32.52365 116.85019 -31.53435
0.99825 0.05867 -0.00000 -0.00708
1.00000 1.00000 1.00000

32.58516 114.28058 -32.15509
0.99347 0.11325 0.00000 -0.01366
1.00000 1.00000 1.00000

32.07260 111.87747 -32.82800
0.99641 0.08405 -0.00000 -0.01016
1.00000 1.00000 1.00000

31.28547 109.93882 -33.43142
1.00000 0.00000 0.00000 0.00000
1.00000 1.00000 1.00000

31.68587 118.50594 -33.23685
0.99763 0.05419 0.00211 -0.04238
1.00000 1.00000 1.00000

31.75480 116.61047 -33.83873
0.99282 0.11760 0.00407 0.02147
1.00000 1.00000 1.00000

31.41229 115.00459 -34.28841
0.99641 0.08405 0.00000 -0.01013
1.00000 1.00000 1.00000

30.83895 113.59247 -34.72793
1.00000 0.00000 0.00000 0.00000
1.00000 1.00000 1.00000

-8.70923 156.78555 8.27209
0.99895 0.02491 -0.01483 -0.03533
1.00000 1.00000 1.00000

-16.79160 154.88737 10.66980
0.90554 0.40590 0.05522 -0.11042
1.00000 1.00000 1.00000

-30.81637 130.12534 16.99073
0.56578 0.00000 0.00000 -0.82456
1.00000 1.00000 1.00000

-14.37247 138.27095 37.57049
0.97572 -0.16534 0.00501 0.14357
1.00000 1.00000 1.00000

-11.03727 140.51212 39.81170
0.98576 -0.09809 -0.02263 0.13471
1.00000 1.00000 1.00000

-9.12095 141.66920 42.78201
0.99595 -0.02064 -0.01560 0.08607
1.00000 1.00000 1.00000

-7.68044 142.44398 45.99797
0.99913 -0.04118 -0.00618 0.00057
1.00000 1.00000 1.00000

-6.62137 143.28435 48.83568
1.00000 0.00000 0.00000 0.00000
1.00000 1.00000 1.00000

-10.25573 142.88303 48.19963
0.99961 0.02774 -0.00000 0.00337
1.00000 1.00000 1.00000

-9.46419 143.42390 51.01974
0.98943 0.14395 0.00000 0.01755
1.00000 1.00000 1.00000

-8.18534 143.46851 53.28156
0.99990 0.01387 0.00000 0.00169
1.00000 1.00000 1.00000

-6.80017 143.47141 55.60578
1.00000 0.00000 0.00000 0.00000
1.00000 1.00000 1.00000

-11.53886 141.01064 49.88897
0.99961 0.02773 -0.00000 0.00338
1.00000 1.00000 1.00000

-10.78978 141.52251 52.55781
0.98943 0.14395 -0.00000 0.01754
1.00000 1.00000 1.00000

-9.48183 141.56812 54.87107
0.99990 0.01387 0.00000 0.00169
1.00000 1.00000 1.00000

-8.10773 141.57100 57.17675
1.00000 0.00000 0.00000 0.00000
1.00000 1.00000 1.00000

-12.93500 138.04593 50.28980
0.99961 0.02773 -0.00000 0.00338
1.00000 1.00000 1.00000

-12.23233 138.52609 52.79330
0.98943 0.14395 0.00000 0.01755
1.00000 1.00000 1.00000

-10.81036 138.57568 55.30824
0.99990 0.01387 -0.00000 0.00169
1.00000 1.00000 1.00000

-9.45703 138.57854 57.57908
1.00000 0.00000 0.00000 0.00000
1.00000 1.00000 1.00000

-13.62378 135.74109 48.93099
0.99961 0.02773 0.00000 0.00339
1.00000 1.00000 1.00000

-13.00199 136.16599 51.14634
0.98943 0.14395 -0.00000 0.01754
1.00000 1.00000 1.00000

-11.94905 136.20271 53.00861
0.99990 0.01387 0.00000 0.00169
1.00000 1.00000 1.00000

-11.12491 136.20445 54.39146
1.00000 0.00000 0.00000 0.00000
1.00000 1.00000 1.00000

12.30567 107.53646 1.51333
0.87074 0.48023 0.03737 0.09895
1.00000 1.00000 1.00000

13.80852 76.44990 47.43296
0.65195 -0.75502 -0.06982 -0.00523
1.00000 1.00000 1.00000

13.28313 46.24953 -0.30505
0.99139 -0.07885 0.08131 0.06575
1.00000 1.00000 1.00000

19.19406 31.87082 -4.08784
1.00000 -0.00013 0.00001 -0.00000
1.00000 1.00000 1.00000

22.37760 21.78282 2.37571
1.00000 0.00000 0.00000 0.00000
1.00000 1.00000 1.00000

-11.93370 109.79369 -0.18726
0.98769 -0.13733 0.05121 0.05459
1.00000 1.00000 1.00000

-8.88877 56.92809 -16.71311
0.97993 -0.17511 -0.08689 -0.03910
1.00000 1.00000 1.00000

-6.43744 23.17773 -61.94738
0.99073 -0.13013 -0.02465 0.03025
1.00000 1.00000 1.00000

-6.59303 7.64082 -65.76524
0.95393 0.29863 0.02901 -0.00023
1.00000 1.00000 1.00000

-7.18523 2.62761 -54.44258
1.00000 0.00000 0.00000 0.00000
1.00000 1.00000 1.00000

-2.57036 87.57940 11.96515
1.00000 0.00000 0.00000 0.00000
1.00000 1.00000 1.00000

-4.58488 63.72685 9.02138
1.00000 -0.00000 0.00000 0.00000
1.00000 1.00000 1.00000

-6.06480 45.77808 6.29319
1.00000 0.00000 0.00000 0.00000
1.00000 1.00000 1.00000

KEYFRAME: 3
TIMESTAMP: 0.10000
-0.05233 113.37991 1.00442
0.99535 0.08655 -0.03529 -0.02311
1.00000 1.00000 1.00000

0.28391 123.02254 3.51879
0.98824 0.03427 0.14845 0.01265
1.00000 1.00000 1.00000

0.53435 134.33662 6.05660
0.99980 -0.00467 0.01835 0.00624
1.00000 1.00000 1.00000

0.47665 147.44945 8.21936
0.99980 -0.00533 0.01879 0.00421
1.00000 1.00000 1.00000

-1.18675 163.25795 6.12414
0.99821 0.04601 -0.02972 -0.02399
1.00000 1.00000 1.00000

-0.08783 173.25966 10.52237
0.98431 -0.14102 -0.10546 0.01093
1.00000 1.00000 1.00000

0.38204 207.07924 13.87086
1.00000 0.00000 0.00000 0.00000
1.00000 1.00000 1.00000

6.73776 161.00288 3.10992
0.99695 0.02720 0.02821 0.06744
1.00000 1.00000 1.00000

15.19650 160.22559 1.52184
0.72150 0.40225 0.42670 -0.36819
1.00000 1.00000 1.00000

22.17530 159.35757 -26.04181
0.75804 -0.00000 0.00000 0.65221
1.00000 1.00000 1.00000

28.17453 132.05684 -27.47495
0.98620 0.02154 -0.14735 -0.07237
1.00000 1.00000 1.00000

27.23835 127.47855 -25.43777
0.99842 -0.05001 0.00475 -0.02516
1.00000 1.00000 1.00000

26.61219 123.60654 -24.32102
0.99820 0.01219 0.00618 -0.05832
1.00000 1.00000 1.00000

25.98418 120.01557 -23.73721
0.99975 -0.02110 0.00302 -0.00666
1.00000 1.00000 1.00000

25.58771 116.96469 -23.27188
1.00000 0.00000 0.00000 0.00000
1.00000 1.00000 1.00000

30.51601 118.52766 -27.55736
0.99841 0.05599 -0.00000 -0.00676
1.00000 1.00000 1.00000

30.72190 115.61852 -28.16208
0.99378 0.11059 -0.00000 -0.01335
1.00000 1.00000 1.00000

30.31459 113.05215 -28.70726
0.99960 0.02801 0.00000 -0.00338
1.00000 1.00000 1.00000

29.76743 110.54713 -29.24239
1.00000 0.00000 0.00000 0.00000
1.00000 1.00000 1.00000

30.80734 118.04507 -30.35499
0.99842 0.05586 -0.00000 -0.00674
1.00000 1.00000 1.00000

31.00299 115.29183 -30.92729
0.99376 0.11072 -0.00000 -0.01337
1.00000 1.00000 1.00000

30.59020 112.69114 -31.47976
0.99960 0.02800 0.00000 -0.00337
1.00000 1.00000 1.00000

30.06223 110.27383 -31.99614
1.00000 0.00000 0.00000 0.00000
1.00000 1.00000 1.00000

30.59513 119.52750 -33.10938
0.99841 0.05599 -0.00000 -0.00676
1.00000 1.00000 1.00000

30.77791 116.94479 -33.64624
0.99378 0.11059 0.00000 -0.01334
1.00000 1.00000 1.00000

30.38706 114.48227 -34.16935
0.99652 0.08271 -0.00000 -0.01000
1.00000 1.00000 1.00000

29.70040 112.46234 -34.60573
1.00000 0.00000 0.00000 0.00000
1.00000 1.00000 1.00000

29.43871 121.05054 -34.74795
0.99778 0.05151 0.00201 -0.04206
1.00000 1.00000 1.00000

29.57940 119.14095 -35.28969
0.99313 0.11494 0.00397 0.02180
1.00000 1.00000 1.00000

29.31822 117.49535 -35.63926
0.99652 0.08271 0.00000 -0.00997
1.00000 1.00000 1.00000

28.81805 116.02404 -35.95712
1.00000 0.00000 0.00000 0.00000
1.00000 1.00000 1.00000

-9.21053 159.90103 7.87187
0.99908 0.02346 -0.01412 -0.03312
1.00000 1.00000 1.00000

-17.22356 158.20659 10.62810
0.90342 0.41735 0.01997 -0.09617
1.00000 1.00000 1.00000

-31.68292 133.48216 16.05364
0.49459 0.00000 0.00000 -0.86913
1.00000 1.00000 1.00000

-12.92143 143.45662 33.62624
0.96612 -0.13848 -0.07956 0.20275
1.00000 1.00000 1.00000

-9.10864 145.17058 35.54832
0.98434 -0.09620 -0.02156 0.14610
1.00000 1.00000 1.00000

-6.84019 145.98674 38.38061
0.99650 -0.02023 -0.01837 0.07903
1.00000 1.00000 1.00000

-5.05535 146.53674 41.46761
0.99912 -0.04112 -0.00749 -0.00299
1.00000 1.00000 1.00000

-3.64787 147.22607 44.19236
1.00000 0.00000 0.00000 0.00000
1.00000 1.00000 1.00000

-7.30529 147.50983 43.78635
0.99961 0.02774 -0.00000 0.00337
1.00000 1.00000 1.00000

-6.21888 147.95912 46.52314
0.98943 0.14395 0.00000 0.01755
1.00000 1.00000 1.00000

-4.77499 147.83269 48.68010
0.99990 0.01387 -0.00000 0.00169
1.00000 1.00000 1.00000

-3.22811 147.64908 50.89236
1.00000 0.00000 0.00000 0.00000
1.00000 1.00000 1.00000

-8.73061 145.89078 45.61757
0.99961 0.02773 0.00000 0.00338
1.00000 1.00000 1.00000

-7.70248 146.31598 48.20755
0.98943 0.14395 -0.00000 0.01754
1.00000 1.00000 1.00000

-6.22573 146.18666 50.41356
0.99990 0.01387 0.00000 0.00169
1.00000 1.00000 1.00000

-4.69121 146.00452 52.60818
1.00000 0.00000 0.00000 0.00000
1.00000 1.00000 1.00000

-10.54082 143.19257 46.20244
0.99961 0.02773 -0.00000 0.00338
1.00000 1.00000 1.00000

-9.57638 143.59143 48.63197
0.98943 0.14395 0.00000 0.01755
1.00000 1.00000 1.00000

-7.97091 143.45085 51.03032
0.99990 0.01387 -0.00000 0.00168
1.00000 1.00000 1.00000

-6.45957 143.27147 53.19178
1.00000 0.00000 0.00000 0.00000
1.00000 1.00000 1.00000

-11.68919 141.00714 44.96217
0.99961 0.02773 0.00000 0.00339
1.00000 1.00000 1.00000

-10.83576 141.36009 47.11206
0.98943 0.14395 -0.00000 0.01754
1.00000 1.00000 1.00000

-9.64694 141.25600 48.88799
0.99990 0.01387 0.00000 0.00169
1.00000 1.00000 1.00000

-8.72659 141.14676 50.20424
1.00000 0.00000 0.00000 0.00000
1.00000 1.00000 1.00000

12.02544 110.77882 1.47880
0.86577 0.48981 0.05586 0.08613
1.00000 1.00000 1.00000

12.59991 79.50002 47.28881
0.80209 -0.58671 -0.10634 -0.03339
1.00000 1.00000 1.00000

12.49928 31.42913 17.61829
0.99665 -0.02769 0.05682 0.05199
1.00000 1.00000 1.00000

17.93564 17.11547 22.26167
1.00000 0.00131 -0.00013 0.00000
1.00000 1.00000 1.00000

20.79511 12.03892 33.20414
1.00000 0.00000 0.00000 0.00000
1.00000 1.00000 1.00000

-12.29127 112.05067 -0.13791
0.98137 -0.17927 0.05769 0.03794
1.00000 1.00000 1.00000

-8.15380 61.45102 -22.49224
0.97203 -0.21688 -0.05798 -0.06899
1.00000 1.00000 1.00000

-7.27087 37.58478 -73.68686
0.96493 -0.25130 0.04530 0.06094
1.00000 1.00000 1.00000

-6.48583 25.15602 -83.73232
0.99982 -0.01897 -0.00184 0.00001
1.00000 1.00000 1.00000

-7.10548 12.80332 -82.89309
1.00000 0.00000 0.00000 0.00000
1.00000 1.00000 1.00000

-1.97179 89.95990 11.45233
1.00000 0.00000 0.00000 0.00000
1.00000 1.00000 1.00000

-2.98379 66.12311 7.92361
1.00000 -0.00000 0.00000 0.00000
1.00000 1.00000 1.00000

-3.71047 48.20033 4.75537
1.00000 0.00000 0.00000 0.00000
1.00000 1.00000 1.00000

KEYFRAME: 4
TIMESTAMP: 0.13333
-0.53582 115.36977 -0.61518
0.99522 0.08974 -0.03503 -0.01578
1.00000 1.00000 1.00000

-0.34511 125.00143 1.95589
0.98769 0.02425 0.15421 0.01036
1.00000 1.00000 1.00000

-0.22640 136.35298 4.33070
0.99981 0.00055 0.01930 -0.00006
1.00000 1.00000 1.00000

-0.24857 149.48103 6.39976
0.99981 0.00062 0.01917 -0.00149
1.00000 1.00000 1.00000

-1.73217 165.31357 4.35156
0.99868 0.03184 -0.03119 -0.02548
1.00000 1.00000 1.00000

-0.46403 175.41948 8.45629
0.98386 -0.13920 -0.11168 0.01334
1.00000 1.00000 1.00000

0.26799 209.30405 11.00545
1.00000 0.00000 0.00000 0.00000
1.00000 1.00000 1.00000

6.09939 162.95184 1.18017
0.99615 0.03840 0.03108 0.07245
1.00000 1.00000 1.00000

14.49663 161.84813 -0.53579
0.74316 0.43266 0.36783 -0.35388
1.00000 1.00000 1.00000

19.96610 157.35844 -28.08827
0.78439 0.00000 -0.00000 0.62026
1.00000 1.00000 1.00000

26.32288 130.10504 -28.55577
0.98654 -0.03547 -0.15728 -0.02723
1.00000 1.00000 1.00000

26.09556 125.80354 -25.82948
0.99857 -0.04955 0.00715 -0.01866
1.00000 1.00000 1.00000

26.03155 122.11784 -24.08500
0.99868 0.01250 0.00931 -0.04890
1.00000 1.00000 1.00000

25.89989 118.64324 -22.84401
0.99977 -0.02109 0.00454 -0.00193
1.00000 1.00000 1.00000

25.92065 115.71199 -21.80051
1.00000 0.00000 0.00000 0.00000
1.00000 1.00000 1.00000

30.40161 117.10217 -26.87738
0.99892 0.04620 -0.00000 -0.00558
1.00000 1.00000 1.00000

31.01199 114.19386 -27.07823
0.99482 0.10091 -0.00000 -0.01218
1.00000 1.00000 1.00000

31.02019 111.54315 -27.23009
0.99973 0.02314 0.00000 -0.00279
1.00000 1.00000 1.00000

30.90635 108.93019 -27.37284
1.00000 0.00000 0.00000 0.00000
1.00000 1.00000 1.00000

30.61211 116.24555 -29.59149
0.99892 0.04607 -0.00000 -0.00556
1.00000 1.00000 1.00000

31.19057 113.49321 -29.78161
0.99481 0.10104 -0.00000 -0.01220
1.00000 1.00000 1.00000

31.19884 110.80704 -29.93549
0.99973 0.02314 0.00000 -0.00278
1.00000 1.00000 1.00000

31.08902 108.28559 -30.07325
1.00000 0.00000 0.00000 0.00000
1.00000 1.00000 1.00000

30.06994 117.26230 -32.50723
0.99892 0.04620 -0.00000 -0.00558
1.00000 1.00000 1.00000

30.61182 114.68033 -32.68554
0.99482 0.10091 0.00000 -0.01217
1.00000 1.00000 1.00000

30.61967 112.13687 -32.83124
0.99692 0.07786 -0.00000 -0.00941
1.00000 1.00000 1.00000

30.28633 109.98742 -32.93503
1.00000 0.00000 0.00000 0.00000
1.00000 1.00000 1.00000

28.64372 118.37099 -34.26183
0.99829 0.04173 0.00166 -0.04090
1.00000 1.00000 1.00000

