# WiseModel 0.0.1
BONECOUNT: 68
FPS: 30
GLOBAL_TRANSFORM:
1.00000 -0.00000 0.00000 -0.00000
-0.00000 1.00000 -0.00000 0.00000
0.00000 -0.00000 1.00000 -0.00000
-0.00000 0.00000 -0.00000 1.00000

BONE_NAME: mixamorig:Hips
PARENT_INDEX: -1
OFFSET_MATRIX:
-1.00000 0.00000 0.00000 -0.00000
0.00000 1.00000 -0.00000 0.00000
-0.00000 -0.00000 -1.00000 0.00000
-0.00000 -1.24146 0.00171 1.00000

BONE_NAME: mixamorig:Spine
PARENT_INDEX: 0
OFFSET_MATRIX:
-1.00000 0.00000 0.00000 -0.00000
0.00000 0.99970 0.02464 0.00000
-0.00000 0.02464 -0.99970 0.00000
0.00001 -1.34028 -0.03933 1.00000

BONE_NAME: mixamorig:Spine1
PARENT_INDEX: 1
OFFSET_MATRIX:
-1.00000 -0.00000 0.00000 -0.00000
0.00000 0.99703 0.07697 -0.00000
-0.00000 0.07697 -0.99703 -0.00000
0.00001 -1.45220 -0.11555 1.00000

BONE_NAME: mixamorig:Spine2
PARENT_INDEX: 2
OFFSET_MATRIX:
-1.00000 0.00000 0.00000 -0.00000
-0.00000 1.00000 -0.00000 0.00000
-0.00000 -0.00000 -1.00000 0.00000
0.00001 -1.58930 0.00680 1.00000

BONE_NAME: mixamorig:Neck
PARENT_INDEX: 3
OFFSET_MATRIX:
-1.00000 0.00000 0.00000 -0.00000
-0.00000 1.00000 -0.00000 0.00000
-0.00000 -0.00000 -1.00000 0.00000
0.00001 -1.73837 0.06583 1.00000

BONE_NAME: mixamorig:Head
PARENT_INDEX: 4
OFFSET_MATRIX:
-1.00000 0.00000 0.00000 -0.00000
-0.00000 1.00000 -0.00000 0.00000
-0.00000 -0.00000 -1.00000 0.00000
0.00001 -1.84751 0.05371 1.00000

BONE_NAME: mixamorig:HeadTop_End
PARENT_INDEX: 5
OFFSET_MATRIX:
-1.00000 0.00000 0.00000 -0.00000
-0.00000 1.00000 -0.00000 0.00000
-0.00000 -0.00000 -1.00000 0.00000
0.00119 -2.18655 0.02990 1.00000

BONE_NAME: mixamorig:LeftShoulder
PARENT_INDEX: 3
OFFSET_MATRIX:
-0.00262 -0.99769 0.06794 0.00000
0.00000 -0.06794 -0.99769 0.00000
1.00000 -0.00261 0.00018 -0.00000
-0.06593 0.03356 1.71157 1.00000

BONE_NAME: mixamorig:LeftArm
PARENT_INDEX: 7
OFFSET_MATRIX:
-0.00000 -0.99999 -0.00349 0.00000
-0.00000 0.00349 -0.99999 0.00000
1.00000 -0.00000 -0.00000 -0.00000
-0.06549 -0.17514 1.70342 1.00000

BONE_NAME: mixamorig:LeftForeArm
PARENT_INDEX: 8
OFFSET_MATRIX:
-0.01745 -0.99984 -0.00349 -0.00000
0.00006 0.00349 -0.99999 -0.00000
0.99985 -0.01745 -0.00000 -0.00000
-0.07350 -0.45839 1.70342 1.00000

BONE_NAME: mixamorig:LeftHand
PARENT_INDEX: 9
OFFSET_MATRIX:
-0.01745 -0.99984 -0.00349 -0.00000
0.00006 0.00349 -0.99999 -0.00000
0.99985 -0.01745 0.00000 -0.00000
-0.07350 -0.73828 1.70342 1.00000

BONE_NAME: mixamorig:LeftHandThumb1
PARENT_INDEX: 10
OFFSET_MATRIX:
-0.52418 -0.76823 0.36751 0.00000
0.02370 -0.44454 -0.89544 0.00000
0.85128 -0.46066 0.25123 -0.00000
-0.47209 0.17216 1.78568 1.00000

BONE_NAME: mixamorig:LeftHandThumb2
PARENT_INDEX: 11
OFFSET_MATRIX:
-0.52417 -0.76824 0.36750 0.00000
0.02371 -0.44453 -0.89545 0.00000
0.85128 -0.46066 0.25122 -0.00000
-0.47210 0.13135 1.78568 1.00000

BONE_NAME: mixamorig:LeftHandThumb3
PARENT_INDEX: 12
OFFSET_MATRIX:
-0.52418 -0.76823 0.36750 0.00000
0.02370 -0.44453 -0.89545 0.00000
0.85128 -0.46067 0.25122 -0.00000
-0.47209 0.09443 1.78568 1.00000

BONE_NAME: mixamorig:LeftHandThumb4
PARENT_INDEX: 13
OFFSET_MATRIX:
-0.52418 -0.76823 0.36750 0.00000
0.02370 -0.44453 -0.89545 0.00000
0.85128 -0.46067 0.25122 -0.00000
-0.47209 0.06332 1.78568 1.00000

BONE_NAME: mixamorig:LeftHandIndex1
PARENT_INDEX: 10
OFFSET_MATRIX:
-0.01746 -0.99984 -0.00349 0.00000
0.00006 0.00349 -0.99999 0.00000
0.99985 -0.01746 0.00000 -0.00000
-0.04731 -0.87300 1.69979 1.00000

BONE_NAME: mixamorig:LeftHandIndex2
PARENT_INDEX: 15
OFFSET_MATRIX:
-0.01746 -0.99984 -0.00349 0.00000
0.00006 0.00349 -0.99999 0.00000
0.99985 -0.01746 0.00000 -0.00000
-0.04731 -0.90280 1.69978 1.00000

BONE_NAME: mixamorig:LeftHandIndex3
PARENT_INDEX: 16
OFFSET_MATRIX:
-0.01745 -0.99984 -0.00349 -0.00000
0.00006 0.00349 -0.99999 -0.00000
0.99985 -0.01745 -0.00000 -0.00000
-0.04730 -0.92934 1.69979 1.00000

BONE_NAME: mixamorig:LeftHandIndex4
PARENT_INDEX: 17
OFFSET_MATRIX:
-0.01745 -0.99984 -0.00350 0.00000
0.00006 0.00350 -0.99999 0.00000
0.99985 -0.01745 0.00000 -0.00000
-0.04730 -0.95555 1.69978 1.00000

BONE_NAME: mixamorig:LeftHandMiddle1
PARENT_INDEX: 10
OFFSET_MATRIX:
-0.01746 -0.99984 -0.00350 -0.00000
0.00006 0.00350 -0.99999 -0.00000
0.99985 -0.01746 0.00000 -0.00000
-0.07350 -0.88374 1.70341 1.00000

BONE_NAME: mixamorig:LeftHandMiddle2
PARENT_INDEX: 19
OFFSET_MATRIX:
-0.01747 -0.99984 -0.00347 0.00000
0.00006 0.00347 -0.99999 0.00000
0.99985 -0.01747 0.00000 -0.00000
-0.07352 -0.91189 1.70343 1.00000

BONE_NAME: mixamorig:LeftHandMiddle3
PARENT_INDEX: 20
OFFSET_MATRIX:
-0.01745 -0.99984 -0.00348 -0.00000
0.00006 0.00348 -0.99999 -0.00000
0.99985 -0.01745 -0.00000 -0.00000
-0.07350 -0.93881 1.70343 1.00000

BONE_NAME: mixamorig:LeftHandMiddle4
PARENT_INDEX: 21
OFFSET_MATRIX:
-0.01745 -0.99984 -0.00347 0.00000
0.00006 0.00347 -0.99999 0.00000
0.99985 -0.01745 0.00000 -0.00000
-0.07350 -0.96407 1.70344 1.00000

BONE_NAME: mixamorig:LeftHandRing1
PARENT_INDEX: 10
OFFSET_MATRIX:
-0.01745 -0.99984 -0.00349 0.00000
0.00006 0.00349 -0.99999 0.00000
0.99985 -0.01745 0.00000 -0.00000
-0.10336 -0.87452 1.70596 1.00000

BONE_NAME: mixamorig:LeftHandRing2
PARENT_INDEX: 23
OFFSET_MATRIX:
-0.01744 -0.99984 -0.00349 0.00000
0.00006 0.00349 -0.99999 0.00000
0.99985 -0.01744 0.00000 -0.00000
-0.10335 -0.90095 1.70596 1.00000

BONE_NAME: mixamorig:LeftHandRing3
PARENT_INDEX: 24
OFFSET_MATRIX:
-0.01747 -0.99984 -0.00349 -0.00000
0.00006 0.00349 -0.99999 -0.00000
0.99985 -0.01747 -0.00000 -0.00000
-0.10338 -0.92643 1.70596 1.00000

BONE_NAME: mixamorig:LeftHandRing4
PARENT_INDEX: 25
OFFSET_MATRIX:
-0.01747 -0.99984 -0.00350 -0.00000
0.00006 0.00350 -0.99999 -0.00000
0.99985 -0.01747 -0.00000 -0.00000
-0.10338 -0.94822 1.70595 1.00000

BONE_NAME: mixamorig:LeftHandPinky1
PARENT_INDEX: 10
OFFSET_MATRIX:
-0.01743 -0.99984 -0.00349 0.00000
0.00006 0.00349 -0.99999 0.00000
0.99985 -0.01743 0.00000 -0.00000
-0.12330 -0.86100 1.69865 1.00000

BONE_NAME: mixamorig:LeftHandPinky2
PARENT_INDEX: 27
OFFSET_MATRIX:
-0.01746 -0.99984 -0.00349 0.00000
0.00006 0.00349 -0.99999 0.00000
0.99985 -0.01746 0.00000 -0.00000
-0.12332 -0.88089 1.69865 1.00000

BONE_NAME: mixamorig:LeftHandPinky3
PARENT_INDEX: 28
OFFSET_MATRIX:
-0.01743 -0.99984 -0.00349 0.00000
0.00006 0.00349 -0.99999 0.00000
0.99985 -0.01743 0.00000 -0.00000
-0.12330 -0.89792 1.69865 1.00000

BONE_NAME: mixamorig:LeftHandPinky4
PARENT_INDEX: 29
OFFSET_MATRIX:
-0.01743 -0.99984 -0.00350 0.00000
0.00006 0.00349 -0.99999 0.00000
0.99985 -0.01743 0.00000 -0.00000
-0.12330 -0.91379 1.69865 1.00000

BONE_NAME: mixamorig:RightShoulder
PARENT_INDEX: 3
OFFSET_MATRIX:
-0.00262 0.99719 -0.07490 -0.00000
-0.00000 -0.07490 -0.99719 0.00000
-1.00000 -0.00261 0.00020 -0.00000
0.06594 0.04460 1.71077 1.00000

BONE_NAME: mixamorig:RightArm
PARENT_INDEX: 31
OFFSET_MATRIX:
-0.00000 0.99999 -0.00349 -0.00000
-0.00000 -0.00349 -0.99999 0.00000
-1.00000 -0.00000 0.00000 -0.00000
0.06549 -0.16406 1.70342 1.00000

BONE_NAME: mixamorig:RightForeArm
PARENT_INDEX: 32
OFFSET_MATRIX:
-0.01745 0.99984 -0.00349 -0.00000
0.00006 -0.00349 -0.99999 0.00000
-0.99985 -0.01745 0.00000 0.00000
0.07343 -0.45436 1.70342 1.00000

BONE_NAME: mixamorig:RightHand
PARENT_INDEX: 33
OFFSET_MATRIX:
-0.01745 0.99984 -0.00349 -0.00000
0.00006 -0.00349 -0.99999 0.00000
-0.99985 -0.01745 0.00000 0.00000
0.07343 -0.73009 1.70342 1.00000

BONE_NAME: mixamorig:RightHandThumb1
PARENT_INDEX: 34
OFFSET_MATRIX:
-0.52324 0.76512 -0.37525 -0.00000
-0.01745 -0.44987 -0.89292 0.00000
-0.85200 -0.46067 0.24875 -0.00000
0.46117 0.18356 1.78338 1.00000

BONE_NAME: mixamorig:RightHandThumb2
PARENT_INDEX: 35
OFFSET_MATRIX:
-0.52325 0.76511 -0.37526 -0.00000
-0.01745 -0.44988 -0.89292 0.00000
-0.85200 -0.46067 0.24875 -0.00000
0.46116 0.14639 1.78338 1.00000

BONE_NAME: mixamorig:RightHandThumb3
PARENT_INDEX: 36
OFFSET_MATRIX:
-0.52324 0.76511 -0.37527 -0.00000
-0.01746 -0.44989 -0.89291 0.00000
-0.85201 -0.46065 0.24876 -0.00000
0.46117 0.11032 1.78338 1.00000

BONE_NAME: mixamorig:RightHandThumb4
PARENT_INDEX: 37
OFFSET_MATRIX:
-0.52324 0.76511 -0.37527 -0.00000
-0.01746 -0.44989 -0.89291 0.00000
-0.85201 -0.46065 0.24876 -0.00000
0.46117 0.07889 1.78338 1.00000

BONE_NAME: mixamorig:RightHandIndex1
PARENT_INDEX: 34
OFFSET_MATRIX:
-0.01744 0.99984 -0.00349 -0.00000
0.00006 -0.00349 -0.99999 0.00000
-0.99985 -0.01744 0.00000 0.00000
0.04722 -0.85012 1.69818 1.00000

BONE_NAME: mixamorig:RightHandIndex2
PARENT_INDEX: 39
OFFSET_MATRIX:
-0.01746 0.99984 -0.00349 -0.00000
0.00006 -0.00349 -0.99999 0.00000
-0.99985 -0.01746 -0.00000 0.00000
0.04723 -0.87990 1.69818 1.00000

BONE_NAME: mixamorig:RightHandIndex3
PARENT_INDEX: 40
OFFSET_MATRIX:
-0.01746 0.99984 -0.00350 -0.00000
0.00006 -0.00350 -0.99999 0.00000
-0.99985 -0.01746 0.00000 0.00000
0.04723 -0.90588 1.69819 1.00000

BONE_NAME: mixamorig:RightHandIndex4
PARENT_INDEX: 41
OFFSET_MATRIX:
-0.01746 0.99984 -0.00349 -0.00000
0.00006 -0.00349 -0.99999 0.00000
-0.99985 -0.01746 0.00000 0.00000
0.04724 -0.93295 1.69818 1.00000

BONE_NAME: mixamorig:RightHandMiddle1
PARENT_INDEX: 34
OFFSET_MATRIX:
-0.01746 0.99984 -0.00349 -0.00000
0.00006 -0.00349 -0.99999 0.00000
-0.99985 -0.01746 0.00000 0.00000
0.07343 -0.85942 1.70342 1.00000

BONE_NAME: mixamorig:RightHandMiddle2
PARENT_INDEX: 43
OFFSET_MATRIX:
-0.01745 0.99984 -0.00350 -0.00000
0.00006 -0.00350 -0.99999 0.00000
-0.99985 -0.01745 0.00000 0.00000
0.07343 -0.88760 1.70343 1.00000

BONE_NAME: mixamorig:RightHandMiddle3
PARENT_INDEX: 44
OFFSET_MATRIX:
-0.01746 0.99984 -0.00349 -0.00000
0.00006 -0.00349 -0.99999 0.00000
-0.99985 -0.01746 0.00000 0.00000
0.07344 -0.91419 1.70342 1.00000

BONE_NAME: mixamorig:RightHandMiddle4
PARENT_INDEX: 45
OFFSET_MATRIX:
-0.01746 0.99984 -0.00348 -0.00000
0.00006 -0.00348 -0.99999 0.00000
-0.99985 -0.01746 0.00000 0.00000
0.07344 -0.94105 1.70341 1.00000

BONE_NAME: mixamorig:RightHandRing1
PARENT_INDEX: 34
OFFSET_MATRIX:
-0.01746 0.99984 -0.00349 -0.00000
0.00006 -0.00349 -0.99999 0.00000
-0.99985 -0.01746 0.00000 0.00000
0.10598 -0.85391 1.70353 1.00000

BONE_NAME: mixamorig:RightHandRing2
PARENT_INDEX: 47
OFFSET_MATRIX:
-0.01746 0.99984 -0.00349 -0.00000
0.00006 -0.00349 -0.99999 0.00000
-0.99985 -0.01746 -0.00000 0.00000
0.10599 -0.88036 1.70353 1.00000

BONE_NAME: mixamorig:RightHandRing3
PARENT_INDEX: 48
OFFSET_MATRIX:
-0.01745 0.99984 -0.00350 -0.00000
0.00006 -0.00349 -0.99999 0.00000
-0.99985 -0.01745 0.00000 0.00000
0.10598 -0.90924 1.70354 1.00000

BONE_NAME: mixamorig:RightHandRing4
PARENT_INDEX: 49
OFFSET_MATRIX:
-0.01745 0.99984 -0.00349 -0.00000
0.00006 -0.00349 -0.99999 0.00000
-0.99985 -0.01745 -0.00000 0.00000
0.10598 -0.93569 1.70353 1.00000

BONE_NAME: mixamorig:RightHandPinky1
PARENT_INDEX: 34
OFFSET_MATRIX:
-0.01747 0.99984 -0.00349 -0.00000
0.00006 -0.00349 -0.99999 0.00000
-0.99985 -0.01747 0.00000 0.00000
0.12501 -0.83457 1.69824 1.00000

BONE_NAME: mixamorig:RightHandPinky2
PARENT_INDEX: 51
OFFSET_MATRIX:
-0.01746 0.99984 -0.00348 -0.00000
0.00006 -0.00348 -0.99999 0.00000
-0.99985 -0.01746 0.00000 0.00000
0.12500 -0.85799 1.69823 1.00000

BONE_NAME: mixamorig:RightHandPinky3
PARENT_INDEX: 52
OFFSET_MATRIX:
-0.01746 0.99984 -0.00350 -0.00000
0.00006 -0.00350 -0.99999 0.00000
-0.99985 -0.01746 0.00000 0.00000
0.12500 -0.87936 1.69824 1.00000

BONE_NAME: mixamorig:RightHandPinky4
PARENT_INDEX: 53
OFFSET_MATRIX:
-0.01746 0.99984 -0.00350 -0.00000
0.00006 -0.00350 -0.99999 0.00000
-0.99985 -0.01746 -0.00000 0.00000
0.12500 -0.89545 1.69825 1.00000

BONE_NAME: mixamorig:LeftUpLeg
PARENT_INDEX: 0
OFFSET_MATRIX:
1.00000 0.00000 0.00000 -0.00000
0.00000 -0.99427 0.10688 0.00000
0.00000 -0.10689 -0.99424 -0.00000
0.12202 1.21468 -0.12899 1.00000

BONE_NAME: mixamorig:LeftLeg
PARENT_INDEX: 55
OFFSET_MATRIX:
1.00000 -0.00000 0.00001 -0.00000
0.00000 -0.98628 -0.16508 0.00000
0.00001 0.16507 -0.98625 -0.00000
0.12202 0.67030 0.05368 1.00000

BONE_NAME: mixamorig:LeftFoot
PARENT_INDEX: 56
OFFSET_MATRIX:
0.98980 -0.13757 -0.03689 -0.00000
-0.07122 -0.70235 0.70826 0.00000
-0.12335 -0.69840 -0.70496 -0.00000
0.13319 0.08728 -0.05935 1.00000

BONE_NAME: mixamorig:LeftToeBase
PARENT_INDEX: 57
OFFSET_MATRIX:
0.99531 -0.09668 0.00078 -0.00000
-0.00000 0.00808 0.99997 0.00000
-0.09668 -0.99525 0.00805 -0.00000
0.13599 -0.08977 0.00028 1.00000

BONE_NAME: mixamorig:LeftToe_End
PARENT_INDEX: 58
OFFSET_MATRIX:
0.99532 -0.09668 0.00078 -0.00000
-0.00000 0.00808 0.99997 0.00000
-0.09668 -0.99525 0.00805 -0.00000
0.13599 -0.21374 0.00028 1.00000

BONE_NAME: mixamorig:RightUpLeg
PARENT_INDEX: 0
OFFSET_MATRIX:
1.00000 0.00000 0.00000 -0.00000
0.00000 -0.99427 0.10688 0.00000
0.00000 -0.10689 -0.99424 -0.00000
-0.12202 1.21468 -0.12899 1.00000

BONE_NAME: mixamorig:RightLeg
PARENT_INDEX: 60
OFFSET_MATRIX:
1.00000 -0.00000 0.00000 -0.00000
-0.00000 -0.98628 -0.16508 0.00000
0.00000 0.16507 -0.98625 -0.00000
-0.12202 0.67030 0.05368 1.00000

BONE_NAME: mixamorig:RightFoot
PARENT_INDEX: 61
OFFSET_MATRIX:
0.98980 0.13757 0.03690 -0.00000
0.07122 -0.70235 0.70826 0.00000
0.12335 -0.69840 -0.70496 -0.00000
-0.13319 0.08728 -0.05935 1.00000

BONE_NAME: mixamorig:RightToeBase
PARENT_INDEX: 62
OFFSET_MATRIX:
0.99531 0.09669 -0.00078 -0.00000
-0.00000 0.00808 0.99997 0.00000
0.09669 -0.99525 0.00805 -0.00000
-0.13599 -0.08977 0.00028 1.00000

BONE_NAME: mixamorig:RightToe_End
PARENT_INDEX: 63
OFFSET_MATRIX:
0.99531 0.09669 -0.00078 -0.00000
-0.00000 0.00808 0.99997 0.00000
0.09669 -0.99525 0.00805 -0.00000
-0.13599 -0.21374 0.00028 1.00000

BONE_NAME: mixamorig:Ribbon1
PARENT_INDEX: 0
OFFSET_MATRIX:
1.00000 -0.00000 -0.00000 -0.00000
0.00000 -0.99961 0.02804 0.00000
-0.00000 -0.02804 -0.99961 0.00000
-0.00000 1.02403 -0.17113 1.00000

BONE_NAME: mixamorig:Ribbon2
PARENT_INDEX: 65
OFFSET_MATRIX:
1.00000 -0.00000 -0.00000 -0.00000
-0.00000 -1.00000 -0.00000 0.00000
-0.00000 0.00000 -1.00000 -0.00000
-0.00000 0.78734 -0.14910 1.00000

BONE_NAME: mixamorig:Ribbon3
PARENT_INDEX: 66
OFFSET_MATRIX:
1.00000 -0.00000 -0.00000 -0.00000
-0.00000 -1.00000 -0.00000 0.00000
-0.00000 0.00000 -1.00000 -0.00000
-0.00000 0.60519 -0.14910 1.00000

# ========== ArmatureAction ==========
DURATION: 0.63333

KEYFRAME: 1
TIMESTAMP: 0.03333
0.00000 0.00171 1.24146
0.70711 -0.00000 0.00000 0.70711
1.00000 1.00000 1.00000

-0.00001 0.09939 0.00800
-0.01232 0.00000 -0.00000 0.99992
1.00000 1.00000 1.00000

0.00000 0.11598 0.00000
-0.02620 0.00000 0.00000 0.99966
1.00000 1.00000 1.00000

0.00000 0.13290 0.00000
0.03851 0.00000 -0.00000 0.99926
1.00000 1.00000 1.00000

-0.00000 0.14907 -0.05903
-0.00000 0.00000 -0.00000 1.00000
1.00000 1.00000 1.00000

0.00000 0.10914 0.01212
-0.00000 0.00000 0.00000 1.00000
1.00000 1.00000 1.00000

-0.00118 0.33905 0.02381
-0.00000 0.00000 -0.00000 1.00000
1.00000 1.00000 1.00000

0.08298 0.12060 -0.05892
0.51738 0.48208 -0.51603 0.48335
1.00000 1.00000 1.00000

-0.00000 0.08642 -0.00000
-0.03574 -0.00004 -0.00131 0.99936
1.00000 1.00000 1.00000

-0.00000 0.28447 -0.00000
0.00000 -0.00000 0.00873 0.99996
1.00000 1.00000 1.00000

-0.00000 0.27989 0.00000
-0.00000 0.00000 0.00000 1.00000
1.00000 1.00000 1.00000

-0.02736 0.03838 0.01942
0.21883 0.07096 0.25459 0.93929
1.00000 1.00000 1.00000

0.00000 0.04078 0.00000
-0.00001 0.00000 -0.00000 1.00000
1.00000 1.00000 1.00000

-0.00000 0.03692 -0.00000
-0.00000 -0.00000 0.00000 1.00000
1.00000 1.00000 1.00000

0.00000 0.03112 0.00000
0.00000 0.00000 0.00000 1.00000
1.00000 1.00000 1.00000

-0.02620 0.13473 0.00363
0.00000 0.00000 0.00000 1.00000
1.00000 1.00000 1.00000

-0.00000 0.02978 0.00000
-0.00000 -0.00000 0.00000 1.00000
1.00000 1.00000 1.00000

0.00000 0.02655 0.00000
0.00000 -0.00000 -0.00000 1.00000
1.00000 1.00000 1.00000

0.00000 0.02619 0.00000
-0.00000 0.00000 0.00000 1.00000
1.00000 1.00000 1.00000

0.00000 0.14545 0.00000
-0.00000 0.00000 0.00000 1.00000
1.00000 1.00000 1.00000

0.00000 0.02819 -0.00000
0.00001 0.00000 0.00001 1.00000
1.00000 1.00000 1.00000

-0.00000 0.02691 -0.00000
-0.00000 -0.00000 -0.00001 1.00000
1.00000 1.00000 1.00000

0.00000 0.02528 -0.00000
0.00000 0.00000 0.00000 1.00000
1.00000 1.00000 1.00000

0.02986 0.13624 -0.00254
-0.00000 0.00000 0.00000 1.00000
1.00000 1.00000 1.00000

-0.00000 0.02644 0.00000
0.00000 0.00000 -0.00001 1.00000
1.00000 1.00000 1.00000

0.00000 0.02548 0.00000
-0.00000 -0.00000 0.00001 1.00000
1.00000 1.00000 1.00000

0.00000 0.02178 0.00000
-0.00001 0.00000 0.00000 1.00000
1.00000 1.00000 1.00000

0.04981 0.12272 0.00477
-0.00000 0.00000 -0.00001 1.00000
1.00000 1.00000 1.00000

0.00000 0.01990 0.00000
0.00000 0.00000 0.00001 1.00000
1.00000 1.00000 1.00000

-0.00000 0.01702 -0.00000
-0.00000 -0.00000 -0.00001 1.00000
1.00000 1.00000 1.00000

-0.00000 0.01586 0.00000
-0.00000 0.00000 0.00000 1.00000
1.00000 1.00000 1.00000

-0.08382 0.12001 -0.05892
0.51906 -0.48028 0.51771 0.48154
1.00000 1.00000 1.00000

0.00000 0.08642 0.00000
-0.03573 0.00005 0.00131 0.99936
1.00000 1.00000 1.00000

0.00000 0.29151 -0.00000
-0.00000 -0.00000 -0.00873 0.99996
1.00000 1.00000 1.00000

0.00000 0.27573 0.00000
-0.00000 0.00000 0.00000 1.00000
1.00000 1.00000 1.00000

0.02623 0.03340 0.01770
0.21919 -0.06959 -0.25427 0.93939
1.00000 1.00000 1.00000

-0.00000 0.03719 0.00000
0.00001 0.00000 -0.00000 1.00000
1.00000 1.00000 1.00000

0.00000 0.03608 -0.00000
0.00000 -0.00000 0.00001 1.00000
1.00000 1.00000 1.00000

-0.00000 0.03143 -0.00000
0.00000 0.00000 -0.00000 1.00000
1.00000 1.00000 1.00000

0.02620 0.12002 0.00524
0.00000 -0.00000 0.00001 1.00000
1.00000 1.00000 1.00000

-0.00000 0.02979 0.00000
0.00000 0.00000 -0.00001 1.00000
1.00000 1.00000 1.00000

0.00000 0.02599 -0.00000
0.00000 -0.00000 0.00000 1.00000
1.00000 1.00000 1.00000

0.00000 0.02706 0.00000
-0.00000 -0.00000 -0.00000 1.00000
1.00000 1.00000 1.00000

0.00000 0.12934 0.00000
0.00000 -0.00000 -0.00000 1.00000
1.00000 1.00000 1.00000

0.00000 0.02819 0.00000
0.00000 0.00000 0.00000 1.00000
1.00000 1.00000 1.00000

-0.00000 0.02658 -0.00000
-0.00000 -0.00000 -0.00000 1.00000
1.00000 1.00000 1.00000

-0.00000 0.02684 0.00000
-0.00000 0.00000 0.00000 1.00000
1.00000 1.00000 1.00000

-0.03255 0.12382 -0.00011
0.00000 -0.00000 -0.00000 1.00000
1.00000 1.00000 1.00000

0.00000 0.02644 0.00000
-0.00000 0.00000 -0.00000 1.00000
1.00000 1.00000 1.00000

-0.00000 0.02890 0.00000
0.00000 -0.00000 0.00000 1.00000
1.00000 1.00000 1.00000

0.00000 0.02644 0.00000
-0.00000 0.00000 0.00000 1.00000
1.00000 1.00000 1.00000

-0.05156 0.10448 0.00518
0.00000 -0.00000 -0.00001 1.00000
1.00000 1.00000 1.00000

-0.00000 0.02340 0.00000
-0.00000 0.00000 0.00001 1.00000
1.00000 1.00000 1.00000

-0.00000 0.02140 0.00000
0.00001 -0.00000 -0.00000 1.00000
1.00000 1.00000 1.00000

0.00000 0.01610 -0.00000
0.00000 0.00000 0.00000 1.00000
1.00000 1.00000 1.00000

0.12202 -0.01995 0.00013
-0.00000 0.05352 0.99857 0.00000
1.00000 1.00000 1.00000

0.00000 0.55472 0.00000
-0.13604 0.00000 0.00000 0.99070
1.00000 1.00000 1.00000

0.00000 0.56490 0.00000
0.45662 -0.04802 0.05285 0.88679
1.00000 1.00000 1.00000

0.00000 0.16000 0.00000
0.38465 -0.02789 -0.02599 0.92228
1.00000 1.00000 1.00000

-0.00000 0.12397 -0.00000
0.00000 -0.00000 0.00000 1.00000
1.00000 1.00000 1.00000

-0.12202 -0.01995 0.00013
0.00000 0.05352 0.99857 0.00000
1.00000 1.00000 1.00000

0.00000 0.55472 -0.00000
-0.13604 -0.00000 0.00000 0.99070
1.00000 1.00000 1.00000

0.00000 0.56490 0.00000
0.45662 0.04801 -0.05284 0.88679
1.00000 1.00000 1.00000

0.00000 0.16000 -0.00000
0.38465 0.02789 0.02599 0.92228
1.00000 1.00000 1.00000

0.00000 0.12397 -0.00000
-0.00000 0.00000 -0.00000 1.00000
1.00000 1.00000 1.00000

-0.00000 -0.21303 0.14405
0.00000 0.01402 0.99990 0.00000
1.00000 1.00000 1.00000

0.00000 0.24118 -0.00000
-0.01402 0.00000 0.00000 0.99990
1.00000 1.00000 1.00000

0.00000 0.18215 0.00000
0.00000 0.00000 -0.00000 1.00000
1.00000 1.00000 1.00000

KEYFRAME: 2
TIMESTAMP: 0.06667
0.00000 0.00171 1.24146
0.70711 -0.00000 0.00000 0.70711
1.00000 1.00000 1.00000

-0.00001 0.09939 0.00800
-0.01232 0.00000 -0.00000 0.99992
1.00000 1.00000 1.00000

0.00000 0.11598 0.00000
-0.02620 0.00000 0.00000 0.99966
1.00000 1.00000 1.00000

0.00000 0.13290 0.00000
0.03851 0.00000 -0.00000 0.99926
1.00000 1.00000 1.00000

-0.00000 0.14907 -0.05903
-0.00000 0.00000 -0.00000 1.00000
1.00000 1.00000 1.00000

0.00000 0.10914 0.01212
-0.00000 0.00000 0.00000 1.00000
1.00000 1.00000 1.00000

-0.00118 0.33905 0.02381
-0.00000 0.00000 -0.00000 1.00000
1.00000 1.00000 1.00000

0.08298 0.12060 -0.05892
0.51738 0.48208 -0.51603 0.48335
1.00000 1.00000 1.00000

-0.00000 0.08642 -0.00000
-0.01924 -0.00006 -0.00131 0.99981
1.00000 1.00000 1.00000

0.00000 0.28447 0.00000
0.00000 -0.00000 0.00873 0.99996
1.00000 1.00000 1.00000

-0.00000 0.27989 -0.00000
-0.00000 0.00000 0.00000 1.00000
1.00000 1.00000 1.00000

-0.02736 0.03838 0.01942
0.21883 0.07096 0.25459 0.93929
1.00000 1.00000 1.00000

0.00000 0.04078 0.00000
-0.00001 0.00000 -0.00000 1.00000
1.00000 1.00000 1.00000

-0.00000 0.03692 -0.00000
-0.00000 -0.00000 0.00000 1.00000
1.00000 1.00000 1.00000

0.00000 0.03112 0.00000
0.00000 0.00000 0.00000 1.00000
1.00000 1.00000 1.00000

-0.02620 0.13473 0.00363
0.00000 0.00000 0.00000 1.00000
1.00000 1.00000 1.00000

-0.00000 0.02978 -0.00000
-0.00000 -0.00000 0.00000 1.00000
1.00000 1.00000 1.00000

-0.00000 0.02655 0.00000
0.00000 -0.00000 -0.00000 1.00000
1.00000 1.00000 1.00000

-0.00000 0.02619 0.00000
-0.00000 0.00000 0.00000 1.00000
1.00000 1.00000 1.00000

0.00000 0.14545 0.00000
-0.00000 0.00000 0.00000 1.00000
1.00000 1.00000 1.00000

0.00000 0.02819 -0.00000
0.00001 0.00000 0.00001 1.00000
1.00000 1.00000 1.00000

-0.00000 0.02691 -0.00000
-0.00000 -0.00000 -0.00001 1.00000
1.00000 1.00000 1.00000

0.00000 0.02528 -0.00000
0.00000 0.00000 0.00000 1.00000
1.00000 1.00000 1.00000

0.02986 0.13624 -0.00254
-0.00000 0.00000 0.00000 1.00000
1.00000 1.00000 1.00000

-0.00000 0.02644 -0.00000
0.00000 0.00000 -0.00001 1.00000
1.00000 1.00000 1.00000

-0.00000 0.02548 0.00000
-0.00000 -0.00000 0.00001 1.00000
1.00000 1.00000 1.00000

-0.00000 0.02178 0.00000
-0.00001 0.00000 0.00000 1.00000
1.00000 1.00000 1.00000

0.04981 0.12272 0.00477
-0.00000 0.00000 -0.00001 1.00000
1.00000 1.00000 1.00000

0.00000 0.01990 -0.00000
0.00000 0.00000 0.00001 1.00000
1.00000 1.00000 1.00000

-0.00000 0.01702 -0.00000
-0.00000 -0.00000 -0.00001 1.00000
1.00000 1.00000 1.00000

0.00000 0.01586 -0.00000
-0.00000 0.00000 0.00000 1.00000
1.00000 1.00000 1.00000

-0.08382 0.12001 -0.05892
0.51906 -0.48028 0.51771 0.48154
1.00000 1.00000 1.00000

0.00000 0.08642 0.00000
-0.03573 0.00005 0.00131 0.99936
1.00000 1.00000 1.00000

0.00000 0.29151 -0.00000
-0.00000 -0.00000 -0.00873 0.99996
1.00000 1.00000 1.00000

0.00000 0.27573 0.00000
-0.00000 0.00000 0.00000 1.00000
1.00000 1.00000 1.00000

0.02623 0.03340 0.01770
0.21919 -0.06959 -0.25427 0.93939
1.00000 1.00000 1.00000

-0.00000 0.03719 0.00000
0.00001 0.00000 -0.00000 1.00000
1.00000 1.00000 1.00000

0.00000 0.03608 -0.00000
0.00000 -0.00000 0.00001 1.00000
1.00000 1.00000 1.00000

-0.00000 0.03143 -0.00000
0.00000 0.00000 -0.00000 1.00000
1.00000 1.00000 1.00000

0.02620 0.12002 0.00524
0.00000 -0.00000 0.00001 1.00000
1.00000 1.00000 1.00000

-0.00000 0.02979 0.00000
0.00000 0.00000 -0.00001 1.00000
1.00000 1.00000 1.00000

0.00000 0.02599 -0.00000
0.00000 -0.00000 0.00000 1.00000
1.00000 1.00000 1.00000

0.00000 0.02706 0.00000
-0.00000 -0.00000 -0.00000 1.00000
1.00000 1.00000 1.00000

0.00000 0.12934 0.00000
0.00000 -0.00000 -0.00000 1.00000
1.00000 1.00000 1.00000

0.00000 0.02819 0.00000
0.00000 0.00000 0.00000 1.00000
1.00000 1.00000 1.00000

-0.00000 0.02658 -0.00000
-0.00000 -0.00000 -0.00000 1.00000
1.00000 1.00000 1.00000

-0.00000 0.02684 0.00000
-0.00000 0.00000 0.00000 1.00000
1.00000 1.00000 1.00000

-0.03255 0.12382 -0.00011
0.00000 -0.00000 -0.00000 1.00000
1.00000 1.00000 1.00000

0.00000 0.02644 0.00000
-0.00000 0.00000 -0.00000 1.00000
1.00000 1.00000 1.00000

-0.00000 0.02890 0.00000
0.00000 -0.00000 0.00000 1.00000
1.00000 1.00000 1.00000

0.00000 0.02644 0.00000
-0.00000 0.00000 0.00000 1.00000
1.00000 1.00000 1.00000

-0.05156 0.10448 0.00518
0.00000 -0.00000 -0.00001 1.00000
1.00000 1.00000 1.00000

-0.00000 0.02340 0.00000
-0.00000 0.00000 0.00001 1.00000
1.00000 1.00000 1.00000

-0.00000 0.02140 0.00000
0.00001 -0.00000 -0.00000 1.00000
1.00000 1.00000 1.00000

0.00000 0.01610 -0.00000
0.00000 0.00000 0.00000 1.00000
1.00000 1.00000 1.00000

0.12202 -0.01995 0.00013
-0.00000 0.05352 0.99857 0.00000
1.00000 1.00000 1.00000

0.00000 0.55472 0.00000
-0.13604 0.00000 0.00000 0.99070
1.00000 1.00000 1.00000

0.00000 0.56490 0.00000
0.45662 -0.04802 0.05285 0.88679
1.00000 1.00000 1.00000

0.00000 0.16000 0.00000
0.38465 -0.02789 -0.02599 0.92228
1.00000 1.00000 1.00000

-0.00000 0.12397 -0.00000
0.00000 -0.00000 0.00000 1.00000
1.00000 1.00000 1.00000

-0.12202 -0.01995 0.00013
0.00097 0.05351 0.99840 0.01804
1.00000 1.00000 1.00000

0.00000 0.55472 -0.00000
-0.13604 -0.00000 0.00000 0.99070
1.00000 1.00000 1.00000

0.00000 0.56490 0.00000
0.45662 0.04801 -0.05284 0.88679
1.00000 1.00000 1.00000

-0.00000 0.16000 -0.00000
0.38465 0.02789 0.02599 0.92228
1.00000 1.00000 1.00000

-0.00000 0.12397 0.00000
-0.00000 0.00000 -0.00000 1.00000
1.00000 1.00000 1.00000

-0.00000 -0.21303 0.14405
0.00000 0.01402 0.99990 0.00000
1.00000 1.00000 1.00000

0.00000 0.24118 -0.00000
-0.01402 0.00000 0.00000 0.99990
1.00000 1.00000 1.00000

0.00000 0.18215 0.00000
0.00000 0.00000 -0.00000 1.00000
1.00000 1.00000 1.00000

KEYFRAME: 3
TIMESTAMP: 0.10000
0.00000 0.00171 1.24146
0.70711 -0.00000 0.00000 0.70711
1.00000 1.00000 1.00000

-0.00001 0.09939 0.00800
-0.01232 0.00000 -0.00000 0.99992
1.00000 1.00000 1.00000

0.00000 0.11598 0.00000
-0.02620 0.00000 0.00000 0.99966
1.00000 1.00000 1.00000

0.00000 0.13290 0.00000
0.03851 0.00000 -0.00000 0.99926
1.00000 1.00000 1.00000

-0.00000 0.14907 -0.05903
-0.00000 0.00000 -0.00000 1.00000
1.00000 1.00000 1.00000

0.00000 0.10914 0.01212
-0.00000 0.00000 0.00000 1.00000
1.00000 1.00000 1.00000

-0.00118 0.33905 0.02381
-0.00000 0.00000 -0.00000 1.00000
1.00000 1.00000 1.00000

0.08298 0.12060 -0.05892
0.51738 0.48208 -0.51603 0.48335
1.00000 1.00000 1.00000

-0.00000 0.08642 -0.00000
0.02561 -0.00012 -0.00130 0.99967
1.00000 1.00000 1.00000

-0.00000 0.28447 0.00000
0.00000 -0.00000 0.00873 0.99996
1.00000 1.00000 1.00000

-0.00000 0.27989 0.00000
-0.00000 0.00000 0.00000 1.00000
1.00000 1.00000 1.00000

-0.02736 0.03838 0.01942
0.21883 0.07096 0.25459 0.93929
1.00000 1.00000 1.00000

0.00000 0.04078 0.00000
-0.00001 0.00000 -0.00000 1.00000
1.00000 1.00000 1.00000

-0.00000 0.03692 0.00000
-0.00000 -0.00000 0.00000 1.00000
1.00000 1.00000 1.00000

0.00000 0.03112 0.00000
0.00000 0.00000 0.00000 1.00000
1.00000 1.00000 1.00000

-0.02620 0.13473 0.00363
0.00000 0.00000 0.00000 1.00000
1.00000 1.00000 1.00000

0.00000 0.02978 0.00000
-0.00000 -0.00000 0.00000 1.00000
1.00000 1.00000 1.00000

0.00000 0.02655 0.00000
0.00000 -0.00000 -0.00000 1.00000
1.00000 1.00000 1.00000

0.00000 0.02619 0.00000
-0.00000 0.00000 0.00000 1.00000
1.00000 1.00000 1.00000

0.00000 0.14545 0.00000
-0.00000 0.00000 0.00000 1.00000
1.00000 1.00000 1.00000

-0.00000 0.02819 -0.00000
0.00001 0.00000 0.00001 1.00000
1.00000 1.00000 1.00000

-0.00000 0.02691 0.00000
-0.00000 -0.00000 -0.00001 1.00000
1.00000 1.00000 1.00000

-0.00000 0.02528 -0.00000
0.00000 0.00000 0.00000 1.00000
1.00000 1.00000 1.00000

0.02986 0.13624 -0.00254
-0.00000 0.00000 0.00000 1.00000
1.00000 1.00000 1.00000

0.00000 0.02644 0.00000
0.00000 0.00000 -0.00001 1.00000
1.00000 1.00000 1.00000

-0.00000 0.02548 0.00000
-0.00000 -0.00000 0.00001 1.00000
1.00000 1.00000 1.00000

-0.00000 0.02178 0.00000
-0.00001 0.00000 0.00000 1.00000
1.00000 1.00000 1.00000

0.04981 0.12272 0.00477
-0.00000 0.00000 -0.00001 1.00000
1.00000 1.00000 1.00000

0.00000 0.01990 0.00000
0.00000 0.00000 0.00001 1.00000
1.00000 1.00000 1.00000

0.00000 0.01702 0.00000
-0.00000 -0.00000 -0.00001 1.00000
1.00000 1.00000 1.00000

0.00000 0.01586 0.00000
-0.00000 0.00000 -0.00000 1.00000
1.00000 1.00000 1.00000

-0.08382 0.12001 -0.05892
0.51906 -0.48028 0.51771 0.48154
1.00000 1.00000 1.00000

0.00000 0.08642 0.00000
-0.03573 0.00005 0.00131 0.99936
1.00000 1.00000 1.00000

0.00000 0.29151 -0.00000
-0.00000 -0.00000 -0.00873 0.99996
1.00000 1.00000 1.00000

0.00000 0.27573 0.00000
-0.00000 0.00000 0.00000 1.00000
1.00000 1.00000 1.00000

0.02623 0.03340 0.01770
0.21919 -0.06959 -0.25427 0.93939
1.00000 1.00000 1.00000

-0.00000 0.03719 0.00000
0.00001 0.00000 -0.00000 1.00000
1.00000 1.00000 1.00000

0.00000 0.03608 -0.00000
0.00000 -0.00000 0.00001 1.00000
1.00000 1.00000 1.00000

-0.00000 0.03143 -0.00000
0.00000 0.00000 -0.00000 1.00000
1.00000 1.00000 1.00000

0.02620 0.12002 0.00524
0.00000 -0.00000 0.00001 1.00000
1.00000 1.00000 1.00000

-0.00000 0.02979 0.00000
0.00000 0.00000 -0.00001 1.00000
1.00000 1.00000 1.00000

0.00000 0.02599 -0.00000
0.00000 -0.00000 0.00000 1.00000
1.00000 1.00000 1.00000

0.00000 0.02706 0.00000
-0.00000 -0.00000 -0.00000 1.00000
1.00000 1.00000 1.00000

0.00000 0.12934 0.00000
0.00000 -0.00000 -0.00000 1.00000
1.00000 1.00000 1.00000

0.00000 0.02819 0.00000
0.00000 0.00000 0.00000 1.00000
1.00000 1.00000 1.00000

-0.00000 0.02658 -0.00000
-0.00000 -0.00000 -0.00000 1.00000
1.00000 1.00000 1.00000

-0.00000 0.02684 0.00000
-0.00000 0.00000 0.00000 1.00000
1.00000 1.00000 1.00000

-0.03255 0.12382 -0.00011
0.00000 -0.00000 -0.00000 1.00000
1.00000 1.00000 1.00000

0.00000 0.02644 0.00000
-0.00000 0.00000 -0.00000 1.00000
1.00000 1.00000 1.00000

-0.00000 0.02890 0.00000
0.00000 -0.00000 0.00000 1.00000
1.00000 1.00000 1.00000

0.00000 0.02644 0.00000
-0.00000 0.00000 0.00000 1.00000
1.00000 1.00000 1.00000

-0.05156 0.10448 0.00518
0.00000 -0.00000 -0.00001 1.00000
1.00000 1.00000 1.00000

-0.00000 0.02340 0.00000
-0.00000 0.00000 0.00001 1.00000
1.00000 1.00000 1.00000

-0.00000 0.02140 0.00000
0.00001 -0.00000 -0.00000 1.00000
1.00000 1.00000 1.00000

0.00000 0.01610 -0.00000
0.00000 0.00000 0.00000 1.00000
1.00000 1.00000 1.00000

0.12202 -0.01995 0.00013
-0.00000 0.05352 0.99857 0.00000
1.00000 1.00000 1.00000

0.00000 0.55472 0.00000
-0.13604 0.00000 0.00000 0.99070
1.00000 1.00000 1.00000

0.00000 0.56490 0.00000
0.45662 -0.04802 0.05285 0.88679
1.00000 1.00000 1.00000

0.00000 0.16000 0.00000
0.38465 -0.02789 -0.02599 0.92228
1.00000 1.00000 1.00000

-0.00000 0.12397 -0.00000
0.00000 -0.00000 0.00000 1.00000
1.00000 1.00000 1.00000

-0.12202 -0.01995 0.00013
0.00360 0.05340 0.99631 0.06716
1.00000 1.00000 1.00000

-0.00000 0.55472 0.00000
-0.13598 -0.00089 0.03035 0.99025
1.00000 1.00000 1.00000

-0.00000 0.56490 0.00000
0.45662 0.04801 -0.05284 0.88679
1.00000 1.00000 1.00000

-0.00000 0.16000 -0.00000
0.38465 0.02789 0.02599 0.92228
1.00000 1.00000 1.00000

-0.00000 0.12397 0.00000
-0.00000 0.00000 -0.00000 1.00000
1.00000 1.00000 1.00000

-0.00000 -0.21303 0.14405
0.00000 0.01402 0.99990 0.00000
1.00000 1.00000 1.00000

0.00000 0.24118 -0.00000
-0.01402 0.00000 0.00000 0.99990
1.00000 1.00000 1.00000

0.00000 0.18215 0.00000
0.00000 0.00000 -0.00000 1.00000
1.00000 1.00000 1.00000

KEYFRAME: 4
TIMESTAMP: 0.13333
0.00000 0.00171 1.24146
0.70711 -0.00000 0.00000 0.70711
1.00000 1.00000 1.00000

-0.00001 0.09939 0.00800
-0.01232 0.00000 -0.00000 0.99992
1.00000 1.00000 1.00000

0.00000 0.11598 0.00000
-0.02620 0.00000 0.00000 0.99966
1.00000 1.00000 1.00000

0.00000 0.13290 0.00000
0.03851 0.00000 -0.00000 0.99926
1.00000 1.00000 1.00000

-0.00000 0.14907 -0.05903
-0.00000 0.00000 -0.00000 1.00000
1.00000 1.00000 1.00000

0.00000 0.10914 0.01212
-0.00000 0.00000 0.00000 1.00000
1.00000 1.00000 1.00000

-0.00118 0.33905 0.02381
-0.00000 0.00000 -0.00000 1.00000
1.00000 1.00000 1.00000

0.08298 0.12060 -0.05892
0.51738 0.48208 -0.51603 0.48335
1.00000 1.00000 1.00000

-0.00000 0.08642 -0.00000
0.09177 -0.00021 -0.00129 0.99578
1.00000 1.00000 1.00000

0.00000 0.28447 0.00000
0.00000 -0.00000 0.00873 0.99996
1.00000 1.00000 1.00000

-0.00000 0.27989 -0.00000
-0.00000 0.00000 0.00000 1.00000
1.00000 1.00000 1.00000

-0.02736 0.03838 0.01942
0.21883 0.07096 0.25459 0.93929
1.00000 1.00000 1.00000

0.00000 0.04078 0.00000
-0.00001 0.00000 -0.00000 1.00000
1.00000 1.00000 1.00000

0.00000 0.03692 -0.00000
-0.00000 -0.00000 0.00000 1.00000
1.00000 1.00000 1.00000

0.00000 0.03112 0.00000
0.00000 0.00000 0.00000 1.00000
1.00000 1.00000 1.00000

-0.02620 0.13473 0.00363
0.00000 0.00000 0.00000 1.00000
1.00000 1.00000 1.00000

0.00000 0.02978 0.00000
-0.00000 -0.00000 0.00000 1.00000
1.00000 1.00000 1.00000

-0.00000 0.02655 -0.00000
0.00000 -0.00000 -0.00000 1.00000
1.00000 1.00000 1.00000

-0.00000 0.02619 0.00000
-0.00000 0.00000 0.00000 1.00000
1.00000 1.00000 1.00000

0.00000 0.14545 0.00000
-0.00000 0.00000 0.00000 1.00000
1.00000 1.00000 1.00000

-0.00000 0.02819 -0.00000
0.00001 0.00000 0.00001 1.00000
1.00000 1.00000 1.00000

0.00000 0.02691 0.00000
-0.00000 -0.00000 -0.00001 1.00000
1.00000 1.00000 1.00000

0.00000 0.02528 -0.00000
0.00000 0.00000 0.00000 1.00000
1.00000 1.00000 1.00000

0.02986 0.13624 -0.00254
-0.00000 0.00000 0.00000 1.00000
1.00000 1.00000 1.00000

-0.00000 0.02644 -0.00000
0.00000 0.00000 -0.00001 1.00000
1.00000 1.00000 1.00000

-0.00000 0.02548 0.00000
-0.00000 -0.00000 0.00001 1.00000
1.00000 1.00000 1.00000

-0.00000 0.02178 0.00000
-0.00001 0.00000 0.00000 1.00000
1.00000 1.00000 1.00000

0.04981 0.12272 0.00477
-0.00000 0.00000 -0.00001 1.00000
1.00000 1.00000 1.00000

0.00000 0.01990 0.00000
0.00000 0.00000 0.00001 1.00000
1.00000 1.00000 1.00000

0.00000 0.01702 0.00000
-0.00000 -0.00000 -0.00001 1.00000
1.00000 1.00000 1.00000

0.00000 0.01586 -0.00000
-0.00000 0.00000 -0.00000 1.00000
1.00000 1.00000 1.00000

-0.08382 0.12001 -0.05892
0.51906 -0.48028 0.51771 0.48154
1.00000 1.00000 1.00000

0.00000 0.08642 0.00000
-0.03573 0.00005 0.00131 0.99936
1.00000 1.00000 1.00000

0.00000 0.29151 -0.00000
-0.00000 -0.00000 -0.00873 0.99996
1.00000 1.00000 1.00000

0.00000 0.27573 0.00000
-0.00000 0.00000 0.00000 1.00000
1.00000 1.00000 1.00000

0.02623 0.03340 0.01770
0.21919 -0.06959 -0.25427 0.93939
1.00000 1.00000 1.00000

-0.00000 0.03719 0.00000
0.00001 0.00000 -0.00000 1.00000
1.00000 1.00000 1.00000

0.00000 0.03608 -0.00000
0.00000 -0.00000 0.00001 1.00000
1.00000 1.00000 1.00000

-0.00000 0.03143 -0.00000
0.00000 0.00000 -0.00000 1.00000
1.00000 1.00000 1.00000

0.02620 0.12002 0.00524
0.00000 -0.00000 0.00001 1.00000
1.00000 1.00000 1.00000

-0.00000 0.02979 0.00000
0.00000 0.00000 -0.00001 1.00000
1.00000 1.00000 1.00000

0.00000 0.02599 -0.00000
0.00000 -0.00000 0.00000 1.00000
1.00000 1.00000 1.00000

0.00000 0.02706 0.00000
-0.00000 -0.00000 -0.00000 1.00000
1.00000 1.00000 1.00000

0.00000 0.12934 0.00000
0.00000 -0.00000 -0.00000 1.00000
1.00000 1.00000 1.00000

0.00000 0.02819 0.00000
0.00000 0.00000 0.00000 1.00000
1.00000 1.00000 1.00000

-0.00000 0.02658 -0.00000
-0.00000 -0.00000 -0.00000 1.00000
1.00000 1.00000 1.00000

-0.00000 0.02684 0.00000
-0.00000 0.00000 0.00000 1.00000
1.00000 1.00000 1.00000

-0.03255 0.12382 -0.00011
0.00000 -0.00000 -0.00000 1.00000
1.00000 1.00000 1.00000

0.00000 0.02644 0.00000
-0.00000 0.00000 -0.00000 1.00000
1.00000 1.00000 1.00000

-0.00000 0.02890 0.00000
0.00000 -0.00000 0.00000 1.00000
1.00000 1.00000 1.00000

0.00000 0.02644 0.00000
-0.00000 0.00000 0.00000 1.00000
1.00000 1.00000 1.00000

-0.05156 0.10448 0.00518
0.00000 -0.00000 -0.00001 1.00000
1.00000 1.00000 1.00000

-0.00000 0.02340 0.00000
-0.00000 0.00000 0.00001 1.00000
1.00000 1.00000 1.00000

-0.00000 0.02140 0.00000
0.00001 -0.00000 -0.00000 1.00000
1.00000 1.00000 1.00000

0.00000 0.01610 -0.00000
0.00000 0.00000 0.00000 1.00000
1.00000 1.00000 1.00000

0.12202 -0.01995 0.00013
-0.00000 0.05352 0.99857 0.00000
1.00000 1.00000 1.00000

0.00000 0.55472 0.00000
-0.13604 0.00000 0.00000 0.99070
1.00000 1.00000 1.00000

0.00000 0.56490 0.00000
0.45662 -0.04802 0.05285 0.88679
1.00000 1.00000 1.00000

0.00000 0.16000 0.00000
0.38465 -0.02789 -0.02599 0.92228
1.00000 1.00000 1.00000

-0.00000 0.12397 -0.00000
0.00000 -0.00000 0.00000 1.00000
1.00000 1.00000 1.00000

-0.12202 -0.01995 0.00013
0.00749 0.05299 0.98874 0.13974
1.00000 1.00000 1.00000

0.00000 0.55472 0.00000
-0.13516 -0.00333 0.11340 0.98431
1.00000 1.00000 1.00000

-0.00000 0.56490 0.00000
0.45662 0.04801 -0.05284 0.88679
1.00000 1.00000 1.00000

-0.00000 0.16000 -0.00000
0.38465 0.02789 0.02599 0.92228
1.00000 1.00000 1.00000

0.00000 0.12397 -0.00000
-0.00000 0.00000 -0.00000 1.00000
1.00000 1.00000 1.00000

-0.00000 -0.21303 0.14405
0.00000 0.01402 0.99990 0.00000
1.00000 1.00000 1.00000

0.00000 0.24118 -0.00000
-0.01402 0.00000 0.00000 0.99990
1.00000 1.00000 1.00000

0.00000 0.18215 0.00000
0.00000 0.00000 -0.00000 1.00000
1.00000 1.00000 1.00000

KEYFRAME: 5
TIMESTAMP: 0.16667
0.00000 0.00171 1.24146
0.70711 -0.00000 0.00000 0.70711
1.00000 1.00000 1.00000

-0.00001 0.09939 0.00800
-0.01232 0.00000 -0.00000 0.99992
1.00000 1.00000 1.00000

0.00000 0.11598 0.00000
-0.02620 0.00000 0.00000 0.99966
1.00000 1.00000 1.00000

0.00000 0.13290 0.00000
0.03851 0.00000 -0.00000 0.99926
1.00000 1.00000 1.00000

-0.00000 0.14907 -0.05903
-0.00000 0.00000 -0.00000 1.00000
1.00000 1.00000 1.00000

0.00000 0.10914 0.01212
-0.00000 0.00000 0.00000 1.00000
1.00000 1.00000 1.00000

-0.00118 0.33905 0.02381
-0.00000 0.00000 -0.00000 1.00000
1.00000 1.00000 1.00000

0.08298 0.12060 -0.05892
0.51738 0.48208 -0.51603 0.48335
1.00000 1.00000 1.00000

-0.00000 0.08642 -0.00000
0.17100 -0.00031 -0.00127 0.98527
1.00000 1.00000 1.00000

0.00000 0.28447 -0.00000
0.00000 -0.00000 0.00873 0.99996
1.00000 1.00000 1.00000

0.00000 0.27989 0.00000
-0.00000 0.00000 0.00000 1.00000
1.00000 1.00000 1.00000

-0.02736 0.03838 0.01942
0.21883 0.07096 0.25459 0.93929
1.00000 1.00000 1.00000

0.00000 0.04078 -0.00000
-0.00001 0.00000 -0.00000 1.00000
1.00000 1.00000 1.00000

-0.00000 0.03692 -0.00000
-0.00000 -0.00000 0.00000 1.00000
1.00000 1.00000 1.00000

0.00000 0.03112 0.00000
0.00000 0.00000 0.00000 1.00000
1.00000 1.00000 1.00000

-0.02620 0.13473 0.00363
0.00000 0.00000 0.00000 1.00000
1.00000 1.00000 1.00000

-0.00000 0.02978 0.00000
-0.00000 -0.00000 0.00000 1.00000
1.00000 1.00000 1.00000

0.00000 0.02655 -0.00000
0.00000 -0.00000 -0.00000 1.00000
1.00000 1.00000 1.00000

0.00000 0.02619 -0.00000
-0.00000 0.00000 0.00000 1.00000
1.00000 1.00000 1.00000

0.00000 0.14545 0.00000
-0.00000 0.00000 0.00000 1.00000
1.00000 1.00000 1.00000

-0.00000 0.02819 0.00000
0.00001 0.00000 0.00001 1.00000
1.00000 1.00000 1.00000

-0.00000 0.02691 -0.00000
-0.00000 -0.00000 -0.00001 1.00000
1.00000 1.00000 1.00000

-0.00000 0.02528 -0.00000
0.00000 0.00000 0.00000 1.00000
1.00000 1.00000 1.00000

0.02986 0.13624 -0.00254
-0.00000 0.00000 0.00000 1.00000
1.00000 1.00000 1.00000

-0.00000 0.02644 0.00000
0.00000 0.00000 -0.00001 1.00000
1.00000 1.00000 1.00000

0.00000 0.02548 -0.00000
-0.00000 -0.00000 0.00001 1.00000
1.00000 1.00000 1.00000

-0.00000 0.02178 -0.00000
-0.00001 0.00000 0.00000 1.00000
1.00000 1.00000 1.00000

0.04981 0.12272 0.00477
-0.00000 0.00000 -0.00001 1.00000
1.00000 1.00000 1.00000

-0.00000 0.01990 0.00000
0.00000 0.00000 0.00001 1.00000
1.00000 1.00000 1.00000

-0.00000 0.01702 -0.00000
-0.00000 -0.00000 -0.00001 1.00000
1.00000 1.00000 1.00000

0.00000 0.01586 0.00000
-0.00000 0.00000 -0.00000 1.00000
1.00000 1.00000 1.00000

-0.08382 0.12001 -0.05892
0.51906 -0.48028 0.51771 0.48154
1.00000 1.00000 1.00000

0.00000 0.08642 0.00000
-0.03573 0.00005 0.00131 0.99936
1.00000 1.00000 1.00000

0.00000 0.29151 -0.00000
-0.00000 -0.00000 -0.00873 0.99996
1.00000 1.00000 1.00000

0.00000 0.27573 0.00000
-0.00000 0.00000 0.00000 1.00000
1.00000 1.00000 1.00000

0.02623 0.03340 0.01770
0.21919 -0.06959 -0.25427 0.93939
1.00000 1.00000 1.00000

-0.00000 0.03719 0.00000
0.00001 0.00000 -0.00000 1.00000
1.00000 1.00000 1.00000

0.00000 0.03608 -0.00000
0.00000 -0.00000 0.00001 1.00000
1.00000 1.00000 1.00000

