# WiseModel 0.0.1
BONECOUNT: 68
FPS: 30
GLOBAL_TRANSFORM:
1.00000 -0.00000 0.00000 -0.00000
-0.00000 1.00000 -0.00000 0.00000
0.00000 -0.00000 1.00000 -0.00000
-0.00000 0.00000 -0.00000 1.00000

BONE_NAME: mixamorig:Hips
PARENT_INDEX: -1
OFFSET_MATRIX:
-1.00000 0.00000 0.00000 -0.00000
0.00000 0.00000 1.00000 -0.00000
0.00000 1.00000 -0.00000 -0.00000
-0.00020 -124.14586 0.17099 1.00000

BONE_NAME: mixamorig:Spine
PARENT_INDEX: 0
OFFSET_MATRIX:
-1.00000 0.00000 -0.00000 0.00000
-0.00000 -0.02464 0.99970 0.00000
-0.00000 0.99970 0.02464 -0.00000
0.00087 -134.02824 -3.93302 1.00000

BONE_NAME: mixamorig:Spine1
PARENT_INDEX: 1
OFFSET_MATRIX:
-1.00000 -0.00000 -0.00000 0.00000
-0.00000 -0.07697 0.99703 0.00000
-0.00000 0.99703 0.07697 -0.00000
0.00088 -145.22029 -11.55483 1.00000

BONE_NAME: mixamorig:Spine2
PARENT_INDEX: 2
OFFSET_MATRIX:
-1.00000 -0.00000 -0.00000 -0.00000
-0.00000 0.00000 1.00000 0.00000
0.00000 1.00000 -0.00000 -0.00000
0.00087 -158.92953 0.68002 1.00000

BONE_NAME: mixamorig:Neck
PARENT_INDEX: 3
OFFSET_MATRIX:
-1.00000 -0.00000 -0.00000 0.00000
-0.00000 0.00000 1.00000 0.00000
-0.00000 1.00000 0.00000 -0.00000
0.00087 -173.83662 6.58296 1.00000

BONE_NAME: mixamorig:Head
PARENT_INDEX: 4
OFFSET_MATRIX:
-1.00000 -0.00000 -0.00000 -0.00000
-0.00000 0.00000 1.00000 0.00000
-0.00000 1.00000 -0.00000 -0.00000
0.00087 -184.75076 5.37126 1.00000

BONE_NAME: mixamorig:HeadTop_End
PARENT_INDEX: 5
OFFSET_MATRIX:
-1.00000 -0.00000 -0.00000 -0.00000
-0.00000 0.00000 1.00000 0.00000
-0.00000 1.00000 -0.00000 -0.00000
0.11922 -218.65527 2.99044 1.00000

BONE_NAME: mixamorig:LeftShoulder
PARENT_INDEX: 3
OFFSET_MATRIX:
-0.00262 -0.99769 0.06794 0.00000
-1.00000 0.00261 -0.00018 0.00000
0.00000 -0.06794 -0.99769 -0.00000
-6.59341 3.35616 171.15654 1.00000

BONE_NAME: mixamorig:LeftArm
PARENT_INDEX: 7
OFFSET_MATRIX:
-0.00000 -0.99999 -0.00349 -0.00000
-1.00000 0.00000 0.00000 0.00000
-0.00000 0.00349 -0.99999 -0.00000
-6.54907 -17.51390 170.34183 1.00000

BONE_NAME: mixamorig:LeftForeArm
PARENT_INDEX: 8
OFFSET_MATRIX:
-0.01745 -0.99984 -0.00349 0.00000
-0.99985 0.01745 0.00000 0.00000
0.00006 0.00349 -0.99999 -0.00000
-7.35017 -45.83905 170.34192 1.00000

BONE_NAME: mixamorig:LeftHand
PARENT_INDEX: 9
OFFSET_MATRIX:
-0.01745 -0.99984 -0.00349 0.00000
-0.99985 0.01745 0.00000 0.00000
0.00006 0.00349 -0.99999 -0.00000
-7.35018 -73.82799 170.34186 1.00000

BONE_NAME: mixamorig:LeftHandThumb1
PARENT_INDEX: 10
OFFSET_MATRIX:
-0.52418 -0.76823 0.36751 0.00000
-0.85128 0.46066 -0.25123 0.00000
0.02370 -0.44454 -0.89545 -0.00000
-47.20931 17.21552 178.56828 1.00000

BONE_NAME: mixamorig:LeftHandThumb2
PARENT_INDEX: 11
OFFSET_MATRIX:
-0.52417 -0.76824 0.36750 0.00000
-0.85128 0.46066 -0.25122 0.00000
0.02371 -0.44453 -0.89545 -0.00000
-47.20958 13.13531 178.56834 1.00000

BONE_NAME: mixamorig:LeftHandThumb3
PARENT_INDEX: 12
OFFSET_MATRIX:
-0.52418 -0.76823 0.36750 0.00000
-0.85128 0.46067 -0.25122 0.00000
0.02370 -0.44453 -0.89545 -0.00000
-47.20947 9.44345 178.56839 1.00000

BONE_NAME: mixamorig:LeftHandThumb4
PARENT_INDEX: 13
OFFSET_MATRIX:
-0.52418 -0.76823 0.36750 0.00000
-0.85128 0.46067 -0.25122 0.00000
0.02370 -0.44453 -0.89545 -0.00000
-47.20948 6.33193 178.56836 1.00000

BONE_NAME: mixamorig:LeftHandIndex1
PARENT_INDEX: 10
OFFSET_MATRIX:
-0.01746 -0.99984 -0.00349 0.00000
-0.99985 0.01746 -0.00000 0.00000
0.00006 0.00349 -0.99999 -0.00000
-4.73068 -87.30092 169.97885 1.00000

BONE_NAME: mixamorig:LeftHandIndex2
PARENT_INDEX: 15
OFFSET_MATRIX:
-0.01746 -0.99984 -0.00349 0.00000
-0.99985 0.01746 0.00000 0.00000
0.00006 0.00349 -0.99999 -0.00000
-4.73086 -90.28027 169.97838 1.00000

BONE_NAME: mixamorig:LeftHandIndex3
PARENT_INDEX: 16
OFFSET_MATRIX:
-0.01745 -0.99984 -0.00348 0.00000
-0.99985 0.01745 0.00000 0.00000
0.00006 0.00348 -0.99999 -0.00000
-4.72992 -92.93357 169.97934 1.00000

BONE_NAME: mixamorig:LeftHandIndex4
PARENT_INDEX: 17
OFFSET_MATRIX:
-0.01745 -0.99984 -0.00350 0.00000
-0.99985 0.01745 -0.00000 0.00000
0.00006 0.00350 -0.99999 -0.00000
-4.73004 -95.55490 169.97824 1.00000

BONE_NAME: mixamorig:LeftHandMiddle1
PARENT_INDEX: 10
OFFSET_MATRIX:
-0.01746 -0.99984 -0.00350 0.00000
-0.99985 0.01746 0.00000 0.00000
0.00006 0.00350 -0.99999 -0.00000
-7.35045 -88.37387 170.34135 1.00000

BONE_NAME: mixamorig:LeftHandMiddle2
PARENT_INDEX: 19
OFFSET_MATRIX:
-0.01747 -0.99984 -0.00348 0.00000
-0.99985 0.01747 -0.00000 0.00000
0.00006 0.00348 -0.99999 -0.00000
-7.35171 -91.18919 170.34320 1.00000

BONE_NAME: mixamorig:LeftHandMiddle3
PARENT_INDEX: 20
OFFSET_MATRIX:
-0.01745 -0.99984 -0.00348 0.00000
-0.99985 0.01745 0.00000 0.00000
0.00006 0.00348 -0.99999 -0.00000
-7.35016 -93.88001 170.34312 1.00000

BONE_NAME: mixamorig:LeftHandMiddle4
PARENT_INDEX: 21
OFFSET_MATRIX:
-0.01745 -0.99984 -0.00347 0.00000
-0.99985 0.01745 -0.00000 0.00000
0.00006 0.00347 -0.99999 -0.00000
-7.35022 -96.40659 170.34370 1.00000

BONE_NAME: mixamorig:LeftHandRing1
PARENT_INDEX: 10
OFFSET_MATRIX:
-0.01745 -0.99984 -0.00349 0.00000
-0.99985 0.01745 -0.00000 0.00000
0.00006 0.00349 -0.99999 -0.00000
-10.33632 -87.45180 170.59590 1.00000

BONE_NAME: mixamorig:LeftHandRing2
PARENT_INDEX: 23
OFFSET_MATRIX:
-0.01744 -0.99984 -0.00349 0.00000
-0.99985 0.01744 -0.00000 0.00000
0.00006 0.00349 -0.99999 -0.00000
-10.33507 -90.09529 170.59641 1.00000

BONE_NAME: mixamorig:LeftHandRing3
PARENT_INDEX: 24
OFFSET_MATRIX:
-0.01747 -0.99984 -0.00349 0.00000
-0.99985 0.01747 0.00000 0.00000
0.00006 0.00349 -0.99999 -0.00000
-10.33768 -92.64325 170.59608 1.00000

BONE_NAME: mixamorig:LeftHandRing4
PARENT_INDEX: 25
OFFSET_MATRIX:
-0.01747 -0.99984 -0.00350 0.00000
-0.99985 0.01747 0.00000 0.00000
0.00006 0.00350 -0.99999 -0.00000
-10.33771 -94.82207 170.59540 1.00000

BONE_NAME: mixamorig:LeftHandPinky1
PARENT_INDEX: 10
OFFSET_MATRIX:
-0.01744 -0.99984 -0.00349 0.00000
-0.99985 0.01744 -0.00000 0.00000
0.00006 0.00349 -0.99999 -0.00000
-12.32964 -86.09956 169.86525 1.00000

BONE_NAME: mixamorig:LeftHandPinky2
PARENT_INDEX: 27
OFFSET_MATRIX:
-0.01746 -0.99984 -0.00349 0.00000
-0.99985 0.01746 -0.00000 0.00000
0.00006 0.00349 -0.99999 -0.00000
-12.33177 -88.08878 169.86545 1.00000

BONE_NAME: mixamorig:LeftHandPinky3
PARENT_INDEX: 28
OFFSET_MATRIX:
-0.01743 -0.99984 -0.00349 0.00000
-0.99985 0.01743 -0.00000 0.00000
0.00006 0.00349 -0.99999 -0.00000
-12.32950 -89.79248 169.86497 1.00000

BONE_NAME: mixamorig:LeftHandPinky4
PARENT_INDEX: 29
OFFSET_MATRIX:
-0.01743 -0.99984 -0.00349 0.00000
-0.99985 0.01743 -0.00000 0.00000
0.00006 0.00349 -0.99999 -0.00000
-12.32952 -91.37866 169.86497 1.00000

BONE_NAME: mixamorig:RightShoulder
PARENT_INDEX: 3
OFFSET_MATRIX:
-0.00262 0.99719 -0.07490 -0.00000
1.00000 0.00261 -0.00020 -0.00000
0.00000 -0.07490 -0.99719 -0.00000
6.59358 4.45998 171.07733 1.00000

BONE_NAME: mixamorig:RightArm
PARENT_INDEX: 31
OFFSET_MATRIX:
-0.00000 0.99999 -0.00349 -0.00000
1.00000 0.00000 0.00000 -0.00000
0.00000 -0.00349 -0.99999 -0.00000
6.54909 -16.40588 170.34192 1.00000

BONE_NAME: mixamorig:RightForeArm
PARENT_INDEX: 32
OFFSET_MATRIX:
-0.01745 0.99984 -0.00349 -0.00000
0.99985 0.01745 0.00000 -0.00000
0.00006 -0.00349 -0.99999 -0.00000
7.34315 -45.43620 170.34189 1.00000

BONE_NAME: mixamorig:RightHand
PARENT_INDEX: 33
OFFSET_MATRIX:
-0.01745 0.99984 -0.00349 -0.00000
0.99985 0.01745 0.00000 -0.00000
0.00006 -0.00349 -0.99999 -0.00000
7.34315 -73.00939 170.34187 1.00000

BONE_NAME: mixamorig:RightHandThumb1
PARENT_INDEX: 34
OFFSET_MATRIX:
-0.52324 0.76511 -0.37525 -0.00000
0.85200 0.46067 -0.24875 0.00000
-0.01745 -0.44987 -0.89292 0.00000
46.11676 18.35578 178.33794 1.00000

BONE_NAME: mixamorig:RightHandThumb2
PARENT_INDEX: 35
OFFSET_MATRIX:
-0.52325 0.76511 -0.37527 -0.00000
0.85200 0.46067 -0.24875 0.00000
-0.01745 -0.44989 -0.89292 0.00000
46.11645 14.63938 178.33777 1.00000

BONE_NAME: mixamorig:RightHandThumb3
PARENT_INDEX: 36
OFFSET_MATRIX:
-0.52324 0.76511 -0.37527 -0.00000
0.85201 0.46065 -0.24876 0.00000
-0.01746 -0.44989 -0.89291 0.00000
46.11679 11.03161 178.33769 1.00000

BONE_NAME: mixamorig:RightHandThumb4
PARENT_INDEX: 37
OFFSET_MATRIX:
-0.52324 0.76511 -0.37527 -0.00000
0.85201 0.46065 -0.24876 0.00000
-0.01746 -0.44989 -0.89291 0.00000
46.11677 7.88829 178.33769 1.00000

BONE_NAME: mixamorig:RightHandIndex1
PARENT_INDEX: 34
OFFSET_MATRIX:
-0.01744 0.99984 -0.00349 -0.00000
0.99985 0.01744 0.00000 -0.00000
0.00006 -0.00349 -0.99999 -0.00000
4.72212 -85.01192 169.81816 1.00000

BONE_NAME: mixamorig:RightHandIndex2
PARENT_INDEX: 39
OFFSET_MATRIX:
-0.01746 0.99984 -0.00349 -0.00000
0.99985 0.01746 0.00000 -0.00000
0.00006 -0.00349 -0.99999 -0.00000
4.72345 -87.98962 169.81862 1.00000

BONE_NAME: mixamorig:RightHandIndex3
PARENT_INDEX: 40
OFFSET_MATRIX:
-0.01746 0.99984 -0.00350 -0.00000
0.99985 0.01746 -0.00000 -0.00000
0.00006 -0.00350 -0.99999 -0.00000
4.72345 -90.58784 169.81886 1.00000

BONE_NAME: mixamorig:RightHandIndex4
PARENT_INDEX: 41
OFFSET_MATRIX:
-0.01746 0.99984 -0.00349 -0.00000
0.99985 0.01746 -0.00000 -0.00000
0.00006 -0.00349 -0.99999 -0.00000
4.72353 -93.29446 169.81834 1.00000

BONE_NAME: mixamorig:RightHandMiddle1
PARENT_INDEX: 34
OFFSET_MATRIX:
-0.01746 0.99984 -0.00349 -0.00000
0.99985 0.01746 0.00000 -0.00000
0.00006 -0.00349 -0.99999 -0.00000
7.34347 -85.94260 170.34209 1.00000

BONE_NAME: mixamorig:RightHandMiddle2
PARENT_INDEX: 43
OFFSET_MATRIX:
-0.01745 0.99984 -0.00350 -0.00000
0.99985 0.01745 0.00000 -0.00000
0.00006 -0.00350 -0.99999 -0.00000
7.34317 -88.76063 170.34253 1.00000

BONE_NAME: mixamorig:RightHandMiddle3
PARENT_INDEX: 44
OFFSET_MATRIX:
-0.01746 0.99984 -0.00349 -0.00000
0.99985 0.01746 -0.00000 -0.00000
0.00006 -0.00349 -0.99999 -0.00000
7.34352 -91.41941 170.34200 1.00000

BONE_NAME: mixamorig:RightHandMiddle4
PARENT_INDEX: 45
OFFSET_MATRIX:
-0.01746 0.99984 -0.00349 -0.00000
0.99985 0.01746 -0.00000 -0.00000
0.00006 -0.00348 -0.99999 -0.00000
7.34350 -94.10447 170.34145 1.00000

BONE_NAME: mixamorig:RightHandRing1
PARENT_INDEX: 34
OFFSET_MATRIX:
-0.01745 0.99984 -0.00349 -0.00000
0.99985 0.01746 -0.00000 -0.00000
0.00006 -0.00349 -0.99999 -0.00000
10.59831 -85.39053 170.35316 1.00000

BONE_NAME: mixamorig:RightHandRing2
PARENT_INDEX: 47
OFFSET_MATRIX:
-0.01746 0.99984 -0.00349 -0.00000
0.99985 0.01746 0.00000 -0.00000
0.00006 -0.00349 -0.99999 -0.00000
10.59901 -88.03568 170.35268 1.00000

BONE_NAME: mixamorig:RightHandRing3
PARENT_INDEX: 48
OFFSET_MATRIX:
-0.01745 0.99984 -0.00349 -0.00000
0.99985 0.01745 -0.00000 -0.00000
0.00006 -0.00349 -0.99999 -0.00000
10.59827 -90.92412 170.35326 1.00000

BONE_NAME: mixamorig:RightHandRing4
PARENT_INDEX: 49
OFFSET_MATRIX:
-0.01745 0.99984 -0.00349 -0.00000
0.99985 0.01745 0.00000 -0.00000
0.00006 -0.00349 -0.99999 -0.00000
10.59808 -93.56865 170.35275 1.00000

BONE_NAME: mixamorig:RightHandPinky1
PARENT_INDEX: 34
OFFSET_MATRIX:
-0.01747 0.99984 -0.00349 -0.00000
0.99985 0.01747 -0.00000 -0.00000
0.00006 -0.00349 -0.99999 -0.00000
12.50062 -83.45750 169.82350 1.00000

BONE_NAME: mixamorig:RightHandPinky2
PARENT_INDEX: 51
OFFSET_MATRIX:
-0.01746 0.99984 -0.00349 -0.00000
0.99985 0.01746 -0.00000 -0.00000
0.00006 -0.00349 -0.99999 -0.00000
12.49961 -85.79777 169.82336 1.00000

BONE_NAME: mixamorig:RightHandPinky3
PARENT_INDEX: 52
OFFSET_MATRIX:
-0.01746 0.99984 -0.00349 -0.00000
0.99985 0.01746 -0.00000 -0.00000
0.00006 -0.00349 -0.99999 -0.00000
12.50021 -87.93721 169.82339 1.00000

BONE_NAME: mixamorig:RightHandPinky4
PARENT_INDEX: 53
OFFSET_MATRIX:
-0.01746 0.99984 -0.00351 -0.00000
0.99985 0.01746 0.00000 -0.00000
0.00006 -0.00351 -0.99999 -0.00000
12.49963 -89.54382 169.82513 1.00000

BONE_NAME: mixamorig:LeftUpLeg
PARENT_INDEX: 0
OFFSET_MATRIX:
1.00000 0.00000 0.00000 -0.00000
-0.00000 0.10689 0.99424 0.00000
0.00000 -0.99427 0.10688 -0.00000
12.20171 121.46790 -12.89885 1.00000

BONE_NAME: mixamorig:LeftLeg
PARENT_INDEX: 55
OFFSET_MATRIX:
1.00000 -0.00000 0.00001 -0.00000
-0.00001 -0.16507 0.98625 0.00000
0.00000 -0.98628 -0.16508 -0.00000
12.20175 67.03027 5.36806 1.00000

BONE_NAME: mixamorig:LeftFoot
PARENT_INDEX: 56
OFFSET_MATRIX:
0.98980 -0.13757 -0.03689 -0.00000
0.12335 0.69840 0.70496 0.00000
-0.07122 -0.70235 0.70826 -0.00000
13.31930 8.72759 -5.93501 1.00000

BONE_NAME: mixamorig:LeftToeBase
PARENT_INDEX: 57
OFFSET_MATRIX:
0.99531 -0.09668 0.00078 -0.00000
0.09668 0.99525 -0.00805 0.00000
-0.00000 0.00808 0.99997 -0.00000
13.59869 -8.97709 0.02807 1.00000

BONE_NAME: mixamorig:LeftToe_End
PARENT_INDEX: 58
OFFSET_MATRIX:
0.99531 -0.09668 0.00078 -0.00000
0.09668 0.99525 -0.00805 0.00000
-0.00000 0.00808 0.99997 -0.00000
13.59869 -21.37377 0.02807 1.00000

BONE_NAME: mixamorig:RightUpLeg
PARENT_INDEX: 0
OFFSET_MATRIX:
1.00000 0.00000 0.00000 -0.00000
-0.00000 0.10689 0.99424 0.00000
0.00000 -0.99427 0.10688 -0.00000
-12.20181 121.46806 -12.89883 1.00000

BONE_NAME: mixamorig:RightLeg
PARENT_INDEX: 60
OFFSET_MATRIX:
1.00000 -0.00000 0.00000 -0.00000
-0.00000 -0.16507 0.98625 0.00000
-0.00000 -0.98628 -0.16508 0.00000
-12.20180 67.03030 5.36798 1.00000

BONE_NAME: mixamorig:RightFoot
PARENT_INDEX: 61
OFFSET_MATRIX:
0.98980 0.13757 0.03690 -0.00000
-0.12335 0.69840 0.70496 0.00000
0.07122 -0.70235 0.70826 -0.00000
-13.31928 8.72770 -5.93510 1.00000

BONE_NAME: mixamorig:RightToeBase
PARENT_INDEX: 62
OFFSET_MATRIX:
0.99531 0.09669 -0.00078 -0.00000
-0.09669 0.99525 -0.00805 0.00000
-0.00000 0.00808 0.99997 -0.00000
-13.59862 -8.97716 0.02800 1.00000

BONE_NAME: mixamorig:RightToe_End
PARENT_INDEX: 63
OFFSET_MATRIX:
0.99531 0.09669 -0.00078 -0.00000
-0.09669 0.99525 -0.00805 0.00000
-0.00000 0.00808 0.99997 -0.00000
-13.59862 -21.37384 0.02799 1.00000

BONE_NAME: mixamorig:Ribbon1
PARENT_INDEX: 0
OFFSET_MATRIX:
1.00000 0.00000 -0.00000 -0.00000
0.00000 0.02804 0.99961 -0.00000
0.00000 -0.99961 0.02804 -0.00000
-0.00000 102.40279 -17.11261 1.00000

BONE_NAME: mixamorig:Ribbon2
PARENT_INDEX: 65
OFFSET_MATRIX:
1.00000 -0.00000 -0.00000 -0.00000
0.00000 -0.00000 1.00000 0.00000
0.00000 -1.00000 0.00000 -0.00000
-0.00000 78.73410 -14.91041 1.00000

BONE_NAME: mixamorig:Ribbon3
PARENT_INDEX: 66
OFFSET_MATRIX:
1.00000 -0.00000 -0.00000 -0.00000
0.00000 -0.00000 1.00000 0.00000
0.00000 -1.00000 -0.00000 -0.00000
-0.00000 60.51896 -14.91041 1.00000

# ========== Armature|mixamo.com|Layer0 ==========
DURATION: 0.63333

KEYFRAME: 1
TIMESTAMP: 0.03333
0.46564 108.26151 -4.11639
0.07009 -0.04102 -0.05471 0.99519
1.00000 1.00000 1.00000

-0.00086 9.93859 0.79974
0.10043 0.11794 0.04870 0.98673
1.00000 1.00000 1.00000

-0.00000 11.59791 0.00000
-0.05579 0.01526 0.01208 0.99825
1.00000 1.00000 1.00000

0.00000 13.29011 0.00000
0.00926 0.01544 0.01079 0.99978
1.00000 1.00000 1.00000

0.00000 14.90706 -5.90294
0.03881 -0.02062 -0.02749 0.99866
1.00000 1.00000 1.00000

0.00000 10.91414 1.21169
-0.17151 -0.05768 0.00757 0.98346
1.00000 1.00000 1.00000

-0.11834 33.90450 2.38082
0.00000 -0.00000 -0.00000 1.00000
1.00000 1.00000 1.00000

8.29819 12.05950 -5.89165
0.58463 0.43777 -0.48403 0.48196
1.00000 1.00000 1.00000

-0.00000 8.64156 0.00001
0.41641 0.40683 -0.31332 0.75028
1.00000 1.00000 1.00000

0.00001 28.44665 -0.00000
0.00000 -0.00000 0.59061 0.80696
1.00000 1.00000 1.00000

0.00000 27.98884 -0.00000
0.01816 -0.08233 -0.03313 0.99589
1.00000 1.00000 1.00000

-2.73649 3.83761 1.94205
0.16784 0.06612 0.22168 0.95829
1.00000 1.00000 1.00000

0.00000 4.07821 -0.00000
0.01155 -0.00014 -0.07737 0.99694
1.00000 1.00000 1.00000

0.00000 3.69192 0.00000
-0.02111 -0.00007 -0.01623 0.99965
1.00000 1.00000 1.00000

0.00000 3.11153 0.00002
-0.00000 0.00000 -0.00000 1.00000
1.00000 1.00000 1.00000

-2.61995 13.47338 0.36320
0.05187 0.00000 -0.00626 0.99863
1.00000 1.00000 1.00000

0.00000 2.97844 0.00000
0.10648 -0.00000 -0.01285 0.99423
1.00000 1.00000 1.00000

-0.00001 2.65506 -0.00000
0.02595 -0.00000 -0.00313 0.99966
1.00000 1.00000 1.00000

0.00000 2.61934 0.00000
-0.00001 0.00000 0.00000 1.00000
1.00000 1.00000 1.00000

0.00003 14.54495 0.00000
0.05173 0.00000 -0.00624 0.99864
1.00000 1.00000 1.00000

-0.00000 2.81890 -0.00000
0.10662 0.00000 -0.01287 0.99422
1.00000 1.00000 1.00000

0.00000 2.69058 0.00000
0.02594 -0.00000 -0.00313 0.99966
1.00000 1.00000 1.00000

0.00000 2.52760 -0.00000
0.00000 0.00000 0.00000 1.00000
1.00000 1.00000 1.00000

2.98605 13.62384 -0.25407
0.05187 0.00000 -0.00626 0.99863
1.00000 1.00000 1.00000

-0.00000 2.64424 -0.00000
0.10648 0.00000 -0.01285 0.99423
1.00000 1.00000 1.00000

0.00000 2.54763 -0.00000
0.08065 -0.00000 -0.00973 0.99669
1.00000 1.00000 1.00000

-0.00000 2.17762 -0.00000
-0.00000 0.00000 0.00000 1.00000
1.00000 1.00000 1.00000

4.98094 12.27176 0.47682
0.04739 0.00186 -0.04158 0.99801
1.00000 1.00000 1.00000

0.00000 1.98993 -0.00000
0.11084 0.00382 0.02233 0.99358
1.00000 1.00000 1.00000

0.00000 1.70246 -0.00000
0.08065 -0.00000 -0.00973 0.99669
1.00000 1.00000 1.00000

-0.00001 1.58618 -0.00000
-0.00000 0.00000 0.00000 1.00000
1.00000 1.00000 1.00000

-8.38218 12.00131 -5.89165
0.56217 -0.44954 0.50484 0.47646
1.00000 1.00000 1.00000

-0.00000 8.64157 -0.00003
0.39541 0.06616 -0.12222 0.90793
1.00000 1.00000 1.00000

0.00000 29.15145 0.00000
0.00000 0.00000 -0.72201 0.69188
1.00000 1.00000 1.00000

0.00000 27.57316 0.00000
-0.18339 0.12327 -0.02763 0.97489
1.00000 1.00000 1.00000

2.62334 3.34004 1.76962
0.10901 -0.09013 -0.15632 0.97753
1.00000 1.00000 1.00000

0.00001 3.71939 -0.00000
-0.02071 -0.01502 0.08772 0.99582
1.00000 1.00000 1.00000

0.00001 3.60802 -0.00000
-0.04119 -0.00590 0.00141 0.99913
1.00000 1.00000 1.00000

0.00001 3.14333 0.00000
0.00000 0.00000 0.00000 1.00000
1.00000 1.00000 1.00000

2.62004 12.00243 0.52370
0.02774 -0.00000 0.00338 0.99961
1.00000 1.00000 1.00000

0.00001 2.97862 -0.00000
0.14395 0.00000 0.01754 0.98943
1.00000 1.00000 1.00000

0.00000 2.59869 0.00000
0.01387 -0.00000 0.00169 0.99990
1.00000 1.00000 1.00000

0.00001 2.70568 -0.00000
-0.00000 -0.00000 -0.00000 1.00000
1.00000 1.00000 1.00000

-0.00000 12.93368 -0.00001
0.02774 -0.00000 0.00338 0.99961
1.00000 1.00000 1.00000

-0.00000 2.81883 -0.00000
0.14395 0.00000 0.01754 0.98943
1.00000 1.00000 1.00000

-0.00001 2.65782 -0.00000
0.01387 -0.00000 0.00169 0.99990
1.00000 1.00000 1.00000

0.00001 2.68409 -0.00000
-0.00000 0.00000 0.00000 1.00000
1.00000 1.00000 1.00000

-3.25489 12.38158 -0.01112
0.02773 -0.00000 0.00338 0.99961
1.00000 1.00000 1.00000

0.00000 2.64421 0.00000
0.14395 0.00000 0.01754 0.98943
1.00000 1.00000 1.00000

-0.00001 2.88952 -0.00000
0.01387 -0.00000 0.00169 0.99990
1.00000 1.00000 1.00000

-0.00001 2.64352 0.00000
-0.00000 0.00000 0.00000 1.00000
1.00000 1.00000 1.00000

-5.15623 10.44828 0.51839
0.02773 -0.00000 0.00338 0.99961
1.00000 1.00000 1.00000

0.00000 2.33986 0.00000
0.14395 0.00000 0.01754 0.98943
1.00000 1.00000 1.00000

-0.00000 2.13964 -0.00000
0.01387 -0.00000 0.00169 0.99990
1.00000 1.00000 1.00000

-0.00000 1.60981 -0.00000
0.00001 0.00000 0.00000 1.00000
1.00000 1.00000 1.00000

12.20177 -1.99504 0.01324
-0.00327 -0.43737 -0.89319 0.10442
1.00000 1.00000 1.00000

-0.00000 55.47174 -0.00000
-0.93185 -0.04205 0.03587 0.35860
1.00000 1.00000 1.00000

-0.00000 56.48986 0.00001
0.42857 -0.05469 0.10156 0.89612
1.00000 1.00000 1.00000

-0.00000 15.99982 -0.00000
0.38465 -0.02789 -0.02600 0.92228
1.00000 1.00000 1.00000

-0.00000 12.39668 0.00000
-0.00000 -0.00000 0.00000 1.00000
1.00000 1.00000 1.00000

-12.20180 -1.99486 0.01325
0.05793 -0.08828 -0.99126 0.07905
1.00000 1.00000 1.00000

0.00000 55.47187 0.00000
-0.44603 -0.07839 -0.01547 0.89144
1.00000 1.00000 1.00000

-0.00000 56.48981 0.00000
0.52470 -0.01858 -0.06711 0.84843
1.00000 1.00000 1.00000

-0.00000 15.99985 0.00001
0.61714 0.05794 0.02738 0.78424
1.00000 1.00000 1.00000

-0.00000 12.39667 -0.00000
-0.00000 0.00000 -0.00000 1.00000
1.00000 1.00000 1.00000

-0.00003 -21.30342 14.40504
0.00000 0.01402 0.99990 0.00000
1.00000 1.00000 1.00000

-0.00000 24.11779 0.00000
-0.01402 0.00000 0.00000 0.99990
1.00000 1.00000 1.00000

0.00000 18.21514 0.00000
0.00000 -0.00000 0.00000 1.00000
1.00000 1.00000 1.00000

KEYFRAME: 2
TIMESTAMP: 0.06667
0.34918 110.63272 0.94876
0.07354 -0.03822 -0.04362 0.99560
1.00000 1.00000 1.00000

-0.00086 9.93862 0.79974
0.06070 0.13763 0.03150 0.98812
1.00000 1.00000 1.00000

0.00000 11.59792 -0.00000
-0.04374 0.01705 0.01104 0.99884
1.00000 1.00000 1.00000

-0.00000 13.29012 0.00000
0.02069 0.01718 0.00971 0.99959
1.00000 1.00000 1.00000

-0.00000 14.90709 -5.90294
0.05086 -0.02593 -0.02592 0.99803
1.00000 1.00000 1.00000

0.00000 10.91412 1.21169
-0.15476 -0.08645 0.01062 0.98411
1.00000 1.00000 1.00000

-0.11834 33.90451 2.38082
0.00000 -0.00000 -0.00000 1.00000
1.00000 1.00000 1.00000

8.29819 12.05952 -5.89165
0.57905 0.44264 -0.48191 0.48635
1.00000 1.00000 1.00000

0.00001 8.64156 0.00002
0.37717 0.43149 -0.36530 0.73356
1.00000 1.00000 1.00000

0.00001 28.44665 0.00000
0.00000 -0.00000 0.65292 0.75743
1.00000 1.00000 1.00000

0.00000 27.98883 -0.00000
0.03727 -0.11935 -0.07012 0.98967
1.00000 1.00000 1.00000

-2.73650 3.83763 1.94204
0.16805 0.06673 0.22586 0.95723
1.00000 1.00000 1.00000

0.00000 4.07820 -0.00001
0.01175 0.00182 -0.07147 0.99737
1.00000 1.00000 1.00000

0.00000 3.69193 0.00000
-0.02111 0.00089 -0.01326 0.99969
1.00000 1.00000 1.00000

0.00001 3.11153 0.00002
0.00000 0.00000 -0.00000 1.00000
1.00000 1.00000 1.00000

-2.61995 13.47339 0.36320
0.05867 0.00000 -0.00708 0.99825
1.00000 1.00000 1.00000

0.00000 2.97846 -0.00000
0.11325 -0.00000 -0.01367 0.99347
1.00000 1.00000 1.00000

-0.00000 2.65507 0.00000
0.02935 -0.00000 -0.00354 0.99956
1.00000 1.00000 1.00000

-0.00000 2.61934 0.00000
-0.00001 0.00000 0.00000 1.00000
1.00000 1.00000 1.00000

0.00003 14.54497 -0.00001
0.05853 0.00000 -0.00706 0.99826
1.00000 1.00000 1.00000

0.00000 2.81888 -0.00001
0.11339 0.00000 -0.01368 0.99346
1.00000 1.00000 1.00000

-0.00000 2.69058 0.00000
0.02934 -0.00000 -0.00354 0.99956
1.00000 1.00000 1.00000

0.00000 2.52761 0.00000
0.00000 0.00000 0.00000 1.00000
1.00000 1.00000 1.00000

2.98604 13.62386 -0.25407
0.05867 0.00000 -0.00708 0.99825
1.00000 1.00000 1.00000

-0.00000 2.64425 -0.00000
0.11325 0.00000 -0.01367 0.99347
1.00000 1.00000 1.00000

-0.00000 2.54763 0.00000
0.08404 -0.00000 -0.01014 0.99641
1.00000 1.00000 1.00000

0.00000 2.17762 0.00000
-0.00000 0.00000 0.00000 1.00000
1.00000 1.00000 1.00000

4.98093 12.27177 0.47682
0.05419 0.00211 -0.04239 0.99763
1.00000 1.00000 1.00000

-0.00001 1.98992 -0.00000
0.11760 0.00407 0.02148 0.99282
1.00000 1.00000 1.00000

-0.00001 1.70247 -0.00000
0.08405 -0.00000 -0.01014 0.99641
1.00000 1.00000 1.00000

-0.00000 1.58618 -0.00000
-0.00000 0.00000 0.00000 1.00000
1.00000 1.00000 1.00000

-8.38218 12.00132 -5.89165
0.55517 -0.45568 0.50442 0.47928
1.00000 1.00000 1.00000

0.00000 8.64157 0.00001
0.37321 0.05182 -0.11116 0.91960
1.00000 1.00000 1.00000

0.00000 29.15145 -0.00002
0.00000 0.00000 -0.82946 0.55856
1.00000 1.00000 1.00000

0.00000 27.57316 0.00001
-0.16534 0.00501 0.14357 0.97572
1.00000 1.00000 1.00000

2.62335 3.34004 1.76962
0.10880 -0.09444 -0.13590 0.98019
1.00000 1.00000 1.00000

0.00001 3.71939 0.00001
-0.02063 -0.01560 0.08607 0.99595
1.00000 1.00000 1.00000

-0.00000 3.60802 0.00000
-0.04118 -0.00618 0.00058 0.99913
1.00000 1.00000 1.00000

0.00001 3.14332 0.00001
0.00000 0.00000 0.00000 1.00000
1.00000 1.00000 1.00000

2.62007 12.00243 0.52370
0.02774 -0.00000 0.00338 0.99961
1.00000 1.00000 1.00000

-0.00001 2.97862 0.00001
0.14395 0.00000 0.01754 0.98943
1.00000 1.00000 1.00000

0.00000 2.59870 0.00001
0.01387 -0.00000 0.00169 0.99990
1.00000 1.00000 1.00000

-0.00000 2.70568 -0.00000
-0.00000 -0.00000 -0.00000 1.00000
1.00000 1.00000 1.00000

0.00002 12.93369 -0.00002
0.02773 -0.00000 0.00338 0.99961
1.00000 1.00000 1.00000

-0.00000 2.81883 0.00000
0.14396 0.00000 0.01754 0.98943
1.00000 1.00000 1.00000

-0.00001 2.65782 -0.00001
0.01387 -0.00000 0.00169 0.99990
1.00000 1.00000 1.00000

-0.00000 2.68409 -0.00000
-0.00000 0.00000 0.00000 1.00000
1.00000 1.00000 1.00000

-3.25488 12.38158 -0.01111
0.02773 -0.00000 0.00338 0.99961
1.00000 1.00000 1.00000

0.00001 2.64421 0.00000
0.14395 0.00000 0.01754 0.98943
1.00000 1.00000 1.00000

-0.00000 2.88953 0.00000
0.01387 -0.00000 0.00169 0.99990
1.00000 1.00000 1.00000

0.00000 2.64352 -0.00001
-0.00000 0.00000 0.00000 1.00000
1.00000 1.00000 1.00000

-5.15621 10.44828 0.51840
0.02773 -0.00000 0.00338 0.99961
1.00000 1.00000 1.00000

0.00000 2.33986 -0.00000
0.14395 0.00000 0.01754 0.98943
1.00000 1.00000 1.00000

0.00000 2.13964 -0.00001
0.01387 -0.00000 0.00169 0.99990
1.00000 1.00000 1.00000

0.00001 1.60981 -0.00001
0.00001 0.00000 0.00000 1.00000
1.00000 1.00000 1.00000

12.20177 -1.99503 0.01324
0.03202 -0.52614 -0.84379 0.10081
1.00000 1.00000 1.00000

0.00000 55.47174 -0.00001
-0.83670 -0.06988 0.00432 0.54317
1.00000 1.00000 1.00000

0.00000 56.48986 0.00000
0.37531 -0.00969 0.14404 0.91559
1.00000 1.00000 1.00000

0.00000 15.99983 -0.00000
0.38453 -0.02787 -0.02599 0.92233
1.00000 1.00000 1.00000

-0.00000 12.39669 -0.00000
-0.00000 -0.00000 0.00000 1.00000
1.00000 1.00000 1.00000

-12.20180 -1.99484 0.01324
0.04822 0.08428 -0.99363 0.05725
1.00000 1.00000 1.00000

0.00000 55.47188 0.00000
-0.30679 -0.09140 -0.02692 0.94700
1.00000 1.00000 1.00000

0.00000 56.48981 -0.00001
0.33714 0.01877 -0.03054 0.94077
1.00000 1.00000 1.00000

-0.00000 15.99985 0.00000
0.64159 0.06121 0.02741 0.76411
1.00000 1.00000 1.00000

-0.00000 12.39668 0.00000
-0.00000 0.00000 -0.00000 1.00000
1.00000 1.00000 1.00000

-0.00003 -21.30341 14.40503
0.00000 0.01402 0.99990 0.00000
1.00000 1.00000 1.00000

-0.00000 24.11779 -0.00000
-0.01402 0.00000 0.00000 0.99990
1.00000 1.00000 1.00000

-0.00000 18.21514 0.00000
-0.00000 0.00000 -0.00000 1.00000
1.00000 1.00000 1.00000

KEYFRAME: 3
TIMESTAMP: 0.10000
-0.05233 113.37991 1.00442
0.08655 -0.03529 -0.02311 0.99535
1.00000 1.00000 1.00000

-0.00086 9.93861 0.79974
0.02209 0.14859 0.01082 0.98859
1.00000 1.00000 1.00000

-0.00000 11.59791 -0.00000
-0.03086 0.01851 0.00575 0.99934
1.00000 1.00000 1.00000

-0.00000 13.29009 0.00000
0.03318 0.01862 0.00493 0.99926
1.00000 1.00000 1.00000

0.00000 14.90708 -5.90294
0.04601 -0.02972 -0.02399 0.99821
1.00000 1.00000 1.00000

0.00000 10.91410 1.21170
-0.14102 -0.10546 0.01093 0.98431
1.00000 1.00000 1.00000

-0.11834 33.90450 2.38082
-0.00000 0.00000 -0.00000 1.00000
1.00000 1.00000 1.00000

8.29819 12.05951 -5.89165
0.57602 0.44532 -0.48037 0.48901
1.00000 1.00000 1.00000

0.00000 8.64156 0.00002
0.37679 0.41271 -0.38413 0.73495
1.00000 1.00000 1.00000

0.00003 28.44665 0.00000
0.00000 -0.00000 0.65880 0.75232
1.00000 1.00000 1.00000

0.00000 27.98886 -0.00000
0.02154 -0.14735 -0.07237 0.98620
1.00000 1.00000 1.00000

-2.73649 3.83761 1.94204
0.16851 0.06808 0.23514 0.95482
1.00000 1.00000 1.00000

-0.00001 4.07820 -0.00001
0.01219 0.00618 -0.05832 0.99820
1.00000 1.00000 1.00000

0.00000 3.69192 0.00000
-0.02110 0.00302 -0.00665 0.99975
1.00000 1.00000 1.00000

0.00000 3.11153 0.00002
0.00000 0.00000 -0.00000 1.00000
1.00000 1.00000 1.00000

-2.61994 13.47337 0.36320
0.05599 0.00000 -0.00676 0.99841
1.00000 1.00000 1.00000

-0.00000 2.97845 0.00000
0.11058 -0.00000 -0.01335 0.99378
1.00000 1.00000 1.00000

0.00001 2.65505 -0.00000
0.02801 -0.00000 -0.00338 0.99960
1.00000 1.00000 1.00000

0.00000 2.61934 0.00000
-0.00001 0.00000 0.00000 1.00000
1.00000 1.00000 1.00000

0.00003 14.54495 -0.00000
0.05585 0.00000 -0.00674 0.99842
1.00000 1.00000 1.00000

0.00000 2.81889 0.00000
0.11073 0.00000 -0.01336 0.99376
1.00000 1.00000 1.00000

-0.00000 2.69057 -0.00000
0.02800 -0.00000 -0.00338 0.99960
1.00000 1.00000 1.00000

0.00000 2.52761 -0.00000
0.00000 0.00000 0.00000 1.00000
1.00000 1.00000 1.00000

2.98605 13.62384 -0.25407
0.05599 0.00000 -0.00676 0.99841
1.00000 1.00000 1.00000

-0.00000 2.64424 -0.00000
0.11059 0.00000 -0.01334 0.99378
1.00000 1.00000 1.00000

-0.00001 2.54764 0.00000
0.08271 -0.00000 -0.00998 0.99652
1.00000 1.00000 1.00000

0.00000 2.17762 0.00000
-0.00000 0.00000 0.00000 1.00000
1.00000 1.00000 1.00000

4.98094 12.27176 0.47681
0.05151 0.00201 -0.04207 0.99778
1.00000 1.00000 1.00000

-0.00000 1.98994 -0.00000
0.11494 0.00397 0.02182 0.99312
1.00000 1.00000 1.00000

-0.00000 1.70246 -0.00000
0.08271 -0.00000 -0.00998 0.99652
1.00000 1.00000 1.00000

0.00000 1.58617 -0.00000
-0.00000 0.00000 0.00000 1.00000
1.00000 1.00000 1.00000

-8.38218 12.00131 -5.89165
0.55310 -0.45730 0.50522 0.47928
1.00000 1.00000 1.00000

-0.00000 8.64157 -0.00000
0.38477 0.01711 -0.09566 0.91788
1.00000 1.00000 1.00000

0.00000 29.15146 -0.00002
0.00000 0.00000 -0.87341 0.48698
1.00000 1.00000 1.00000

-0.00002 27.57317 0.00000
-0.13848 -0.07956 0.20275 0.96612
1.00000 1.00000 1.00000

2.62335 3.34004 1.76962
0.10974 -0.09632 -0.12447 0.98142
1.00000 1.00000 1.00000

-0.00001 3.71939 0.00002
-0.02022 -0.01837 0.07903 0.99650
1.00000 1.00000 1.00000

0.00001 3.60802 0.00000
-0.04112 -0.00749 -0.00299 0.99912
1.00000 1.00000 1.00000

0.00001 3.14331 -0.00000
0.00000 0.00000 0.00000 1.00000
1.00000 1.00000 1.00000

2.62007 12.00243 0.52369
0.02774 -0.00000 0.00338 0.99961
1.00000 1.00000 1.00000

0.00001 2.97862 -0.00000
0.14395 0.00000 0.01754 0.98943
1.00000 1.00000 1.00000

-0.00000 2.59870 -0.00001
0.01387 -0.00000 0.00169 0.99990
1.00000 1.00000 1.00000

0.00001 2.70567 0.00002
-0.00000 -0.00000 -0.00000 1.00000
1.00000 1.00000 1.00000

0.00001 12.93368 -0.00002
0.02773 -0.00000 0.00338 0.99961
1.00000 1.00000 1.00000

0.00001 2.81883 -0.00000
0.14396 0.00000 0.01754 0.98943
1.00000 1.00000 1.00000

-0.00001 2.65781 0.00001
0.01387 -0.00000 0.00169 0.99990
1.00000 1.00000 1.00000

-0.00000 2.68409 -0.00000
-0.00000 0.00000 0.00000 1.00000
1.00000 1.00000 1.00000

-3.25488 12.38157 -0.01112
0.02773 -0.00000 0.00338 0.99961
1.00000 1.00000 1.00000

-0.00001 2.64421 -0.00002
0.14395 0.00000 0.01754 0.98943
1.00000 1.00000 1.00000

0.00001 2.88953 -0.00001
0.01387 -0.00000 0.00169 0.99990
1.00000 1.00000 1.00000

-0.00001 2.64351 0.00001
-0.00000 0.00000 0.00000 1.00000
1.00000 1.00000 1.00000

-5.15622 10.44827 0.51839
0.02773 -0.00000 0.00338 0.99961
1.00000 1.00000 1.00000

-0.00000 2.33985 0.00001
0.14395 0.00000 0.01754 0.98943
1.00000 1.00000 1.00000

-0.00000 2.13964 0.00001
0.01387 -0.00000 0.00169 0.99990
1.00000 1.00000 1.00000

-0.00001 1.60981 0.00000
0.00001 0.00000 0.00000 1.00000
1.00000 1.00000 1.00000

12.20176 -1.99502 0.01324
0.05117 -0.53544 -0.83831 0.08899
1.00000 1.00000 1.00000

-0.00000 55.47173 -0.00000
-0.69037 -0.10989 -0.01861 0.71482
1.00000 1.00000 1.00000

-0.00000 56.48985 -0.00000
0.42503 -0.02267 0.12339 0.89645
1.00000 1.00000 1.00000

0.00000 15.99983 -0.00000
0.38585 -0.02804 -0.02601 0.92177
1.00000 1.00000 1.00000

0.00000 12.39668 0.00000
-0.00000 -0.00000 0.00000 1.00000
1.00000 1.00000 1.00000

-12.20180 -1.99483 0.01325
0.05558 0.12649 -0.98956 0.04098
1.00000 1.00000 1.00000

0.00000 55.47187 0.00000
-0.34710 -0.06682 -0.06046 0.93349
1.00000 1.00000 1.00000

-0.00000 56.48981 0.00000
0.22307 0.07195 0.03581 0.97148
1.00000 1.00000 1.00000

-0.00000 15.99985 -0.00000
0.36713 0.02568 0.02582 0.92946
1.00000 1.00000 1.00000

-0.00000 12.39668 -0.00000
-0.00000 0.00000 -0.00000 1.00000
1.00000 1.00000 1.00000

-0.00003 -21.30341 14.40503
0.00000 0.01402 0.99990 0.00000
1.00000 1.00000 1.00000

0.00000 24.11779 -0.00000
-0.01402 0.00000 -0.00000 0.99990
1.00000 1.00000 1.00000

-0.00000 18.21514 0.00000
0.00000 0.00000 -0.00000 1.00000
1.00000 1.00000 1.00000

KEYFRAME: 4
TIMESTAMP: 0.13333
-0.53582 115.36977 -0.61518
0.08974 -0.03503 -0.01578 0.99522
1.00000 1.00000 1.00000

-0.00086 9.93861 0.79974
0.01208 0.15433 0.00846 0.98791
1.00000 1.00000 1.00000

0.00000 11.59789 -0.00000
-0.02565 0.01929 -0.00057 0.99948
1.00000 1.00000 1.00000

-0.00000 13.29011 -0.00000
0.03913 0.01922 -0.00075 0.99905
1.00000 1.00000 1.00000

-0.00000 14.90705 -5.90294
0.03184 -0.03119 -0.02548 0.99868
1.00000 1.00000 1.00000

-0.00000 10.91414 1.21169
-0.13920 -0.11168 0.01334 0.98386
1.00000 1.00000 1.00000

-0.11834 33.90454 2.38082
0.00000 -0.00000 -0.00000 1.00000
1.00000 1.00000 1.00000

8.29819 12.05950 -5.89165
0.58491 0.43794 -0.48146 0.48402
1.00000 1.00000 1.00000

0.00000 8.64156 -0.00002
0.40632 0.35435 -0.36775 0.75769
1.00000 1.00000 1.00000

-0.00000 28.44666 -0.00000
0.00000 -0.00000 0.62709 0.77895
1.00000 1.00000 1.00000

-0.00000 27.98885 0.00000
-0.03547 -0.15728 -0.02723 0.98654
1.00000 1.00000 1.00000

-2.73649 3.83762 1.94205
0.16883 0.06904 0.24178 0.95303
1.00000 1.00000 1.00000

0.00000 4.07820 -0.00000
0.01250 0.00931 -0.04890 0.99868
1.00000 1.00000 1.00000

-0.00000 3.69192 0.00000
-0.02109 0.00454 -0.00192 0.99977
1.00000 1.00000 1.00000

0.00002 3.11153 0.00002
-0.00000 0.00000 -0.00000 1.00000
1.00000 1.00000 1.00000

-2.61995 13.47338 0.36320
0.04620 0.00000 -0.00558 0.99892
1.00000 1.00000 1.00000

0.00000 2.97845 -0.00000
0.10091 0.00000 -0.01218 0.99482
1.00000 1.00000 1.00000

0.00000 2.65506 0.00000
0.02315 -0.00000 -0.00279 0.99973
1.00000 1.00000 1.00000

-0.00000 2.61932 -0.00000
-0.00001 0.00000 0.00000 1.00000
1.00000 1.00000 1.00000

0.00003 14.54496 0.00000
0.04607 0.00000 -0.00556 0.99892
1.00000 1.00000 1.00000

-0.00000 2.81890 0.00000
0.10105 0.00000 -0.01219 0.99481
1.00000 1.00000 1.00000

0.00000 2.69058 0.00000
0.02314 -0.00000 -0.00279 0.99973
1.00000 1.00000 1.00000

-0.00000 2.52760 -0.00000
0.00000 0.00000 0.00000 1.00000
1.00000 1.00000 1.00000

2.98605 13.62386 -0.25406
0.04620 0.00000 -0.00558 0.99892
1.00000 1.00000 1.00000

0.00001 2.64423 0.00000
0.10092 0.00000 -0.01218 0.99482
1.00000 1.00000 1.00000

0.00000 2.54764 -0.00000
0.07786 -0.00000 -0.00940 0.99692
1.00000 1.00000 1.00000

0.00000 2.17761 -0.00000
-0.00000 0.00000 0.00000 1.00000
1.00000 1.00000 1.00000

4.98094 12.27177 0.47682
0.04173 0.00166 -0.04091 0.99829
1.00000 1.00000 1.00000

0.00000 1.98995 0.00000
0.10528 0.00362 0.02302 0.99417
1.00000 1.00000 1.00000

-0.00000 1.70247 0.00000
0.07786 -0.00000 -0.00940 0.99692
1.00000 1.00000 1.00000

-0.00000 1.58618 -0.00000
-0.00000 0.00000 0.00000 1.00000
1.00000 1.00000 1.00000

-8.38218 12.00132 -5.89165
0.55528 -0.45565 0.50365 0.47997
1.00000 1.00000 1.00000

-0.00001 8.64157 -0.00001
0.42834 -0.03452 -0.08140 0.89928
1.00000 1.00000 1.00000

0.00000 29.15144 -0.00001
0.00000 0.00000 -0.86464 0.50240
1.00000 1.00000 1.00000

0.00001 27.57316 0.00001
-0.14764 -0.08713 0.17529 0.96948
1.00000 1.00000 1.00000

2.62335 3.34003 1.76962
0.11313 -0.09384 -0.13337 0.98011
1.00000 1.00000 1.00000

0.00001 3.71938 0.00001
-0.02040 -0.01771 0.07111 0.99710
1.00000 1.00000 1.00000

-0.00001 3.60801 0.00001
-0.04117 -0.00705 -0.00695 0.99910
1.00000 1.00000 1.00000

-0.00001 3.14332 0.00001
0.00000 0.00000 -0.00000 1.00000
1.00000 1.00000 1.00000

2.62006 12.00243 0.52369
0.02774 0.00000 0.00338 0.99961
1.00000 1.00000 1.00000

0.00000 2.97862 -0.00001
0.14395 0.00000 0.01754 0.98943
1.00000 1.00000 1.00000

0.00000 2.59870 -0.00001
0.01387 -0.00000 0.00169 0.99990
1.00000 1.00000 1.00000

0.00002 2.70567 -0.00000
-0.00000 -0.00000 -0.00000 1.00000
1.00000 1.00000 1.00000

0.00000 12.93368 -0.00002
0.02773 0.00000 0.00338 0.99961
1.00000 1.00000 1.00000

-0.00000 2.81884 0.00000
0.14395 -0.00000 0.01754 0.98943
1.00000 1.00000 1.00000

-0.00001 2.65781 -0.00001
0.01387 -0.00000 0.00169 0.99990
1.00000 1.00000 1.00000

0.00000 2.68409 0.00000
-0.00000 0.00000 0.00000 1.00000
1.00000 1.00000 1.00000

-3.25488 12.38157 -0.01112
0.02773 -0.00000 0.00338 0.99961
1.00000 1.00000 1.00000

-0.00000 2.64421 -0.00001
0.14395 0.00000 0.01754 0.98943
1.00000 1.00000 1.00000

-0.00000 2.88953 0.00000
0.01387 -0.00000 0.00169 0.99990
1.00000 1.00000 1.00000

-0.00000 2.64352 -0.00001
-0.00000 0.00000 0.00000 1.00000
1.00000 1.00000 1.00000

-5.15621 10.44827 0.51839
0.02773 -0.00000 0.00338 0.99961
1.00000 1.00000 1.00000

-0.00000 2.33985 0.00000
0.14395 -0.00000 0.01754 0.98943
1.00000 1.00000 1.00000

-0.00000 2.13964 0.00001
0.01378 -0.00000 0.00168 0.99990
1.00000 1.00000 1.00000

-0.00001 1.60982 0.00001
0.00001 0.00000 0.00000 1.00000
1.00000 1.00000 1.00000

12.20176 -1.99503 0.01324
0.05650 -0.49995 -0.86118 0.07222
1.00000 1.00000 1.00000

-0.00000 55.47173 0.00000
-0.49581 -0.10120 -0.03352 0.86186
1.00000 1.00000 1.00000

-0.00000 56.48986 0.00000
0.46866 -0.04643 0.06243 0.87995
1.00000 1.00000 1.00000

0.00000 15.99982 -0.00000
0.38710 -0.02820 -0.02602 0.92124
1.00000 1.00000 1.00000

-0.00000 12.39668 -0.00000
-0.00000 -0.00000 0.00000 1.00000
1.00000 1.00000 1.00000

-12.20180 -1.99484 0.01324
0.06169 0.12814 -0.98960 0.02159
1.00000 1.00000 1.00000

-0.00000 55.47187 -0.00000
-0.47654 -0.10524 -0.04002 0.87191
1.00000 1.00000 1.00000

-0.00000 56.48981 -0.00001
0.23981 0.05888 0.03743 0.96831
1.00000 1.00000 1.00000

-0.00000 15.99985 -0.00001
0.38846 0.02837 0.02603 0.92066
1.00000 1.00000 1.00000

0.00000 12.39667 -0.00001
-0.00000 0.00000 -0.00000 1.00000
1.00000 1.00000 1.00000

-0.00003 -21.30342 14.40503
0.00000 0.01402 0.99990 0.00000
1.00000 1.00000 1.00000

0.00000 24.11780 0.00000
-0.01402 0.00000 -0.00000 0.99990
1.00000 1.00000 1.00000

-0.00000 18.21515 0.00000
-0.00000 -0.00000 -0.00000 1.00000
1.00000 1.00000 1.00000

KEYFRAME: 5
TIMESTAMP: 0.16667
-0.75946 115.65160 -3.65283
0.07364 -0.02212 -0.00638 0.99702
1.00000 1.00000 1.00000

-0.00086 9.93861 0.79974
0.04030 0.13561 -0.00353 0.98994
1.00000 1.00000 1.00000

0.00000 11.59790 -0.00000
-0.02794 0.01610 0.00124 0.99948
1.00000 1.00000 1.00000

0.00000 13.29010 -0.00000
0.03725 0.01594 0.00114 0.99918
1.00000 1.00000 1.00000

-0.00000 14.90707 -5.90294
0.02227 -0.02940 -0.03470 0.99872
1.00000 1.00000 1.00000

0.00000 10.91412 1.21170
-0.14773 -0.10493 0.01711 0.98330
1.00000 1.00000 1.00000

-0.11834 33.90450 2.38082
0.00000 -0.00000 0.00000 1.00000
1.00000 1.00000 1.00000

8.29819 12.05951 -5.89165
0.60472 0.42106 -0.48422 0.47175
1.00000 1.00000 1.00000

0.00000 8.64156 -0.00001
0.44416 0.27865 -0.32551 0.78685
1.00000 1.00000 1.00000

-0.00000 28.44665 -0.00000
0.00000 -0.00000 0.61740 0.78665
1.00000 1.00000 1.00000

0.00000 27.98884 -0.00000
-0.09599 -0.20369 0.01788 0.97415
1.00000 1.00000 1.00000

-2.73649 3.83762 1.94204
0.16854 0.06817 0.23577 0.95465
1.00000 1.00000 1.00000

0.00000 4.07820 -0.00000
0.01222 0.00648 -0.05743 0.99825
1.00000 1.00000 1.00000

0.00001 3.69192 0.00000
-0.02110 0.00316 -0.00620 0.99975
1.00000 1.00000 1.00000

0.00001 3.11153 0.00002
0.00000 0.00000 -0.00000 1.00000
1.00000 1.00000 1.00000

-2.61995 13.47339 0.36320
0.02317 0.00000 -0.00280 0.99973
1.00000 1.00000 1.00000

0.00000 2.97845 0.00000
0.07809 -0.00000 -0.00942 0.99690
1.00000 1.00000 1.00000

0.00000 2.65505 -0.00000
0.01170 -0.00000 -0.00141 0.99993
1.00000 1.00000 1.00000

0.00000 2.61933 0.00000
-0.00001 0.00000 0.00000 1.00000
1.00000 1.00000 1.00000

0.00003 14.54497 -0.00000
0.02303 0.00000 -0.00278 0.99973
1.00000 1.00000 1.00000

0.00000 2.81889 0.00000
0.07824 -0.00000 -0.00944 0.99689
1.00000 1.00000 1.00000

-0.00000 2.69058 -0.00000
0.01168 -0.00000 -0.00141 0.99993
1.00000 1.00000 1.00000

-0.00000 2.52759 0.00000
0.00000 0.00000 0.00000 1.00000
1.00000 1.00000 1.00000

2.98605 13.62386 -0.25408
0.02317 0.00000 -0.00280 0.99973
1.00000 1.00000 1.00000

0.00000 2.64424 -0.00000
0.07810 0.00000 -0.00942 0.99690
1.00000 1.00000 1.00000

0.00000 2.54765 -0.00001
0.06643 -0.00000 -0.00802 0.99776
1.00000 1.00000 1.00000

0.00000 2.17762 -0.00000
-0.00000 0.00000 0.00000 1.00000
1.00000 1.00000 1.00000

4.98093 12.27177 0.47681
0.01870 0.00083 -0.03816 0.99910
1.00000 1.00000 1.00000

-0.00000 1.98994 -0.00000
0.08249 0.00280 0.02585 0.99625
1.00000 1.00000 1.00000

-0.00000 1.70246 0.00000
0.06644 -0.00000 -0.00802 0.99776
1.00000 1.00000 1.00000

0.00000 1.58618 -0.00000
-0.00000 0.00000 0.00000 1.00000
1.00000 1.00000 1.00000

-8.38218 12.00131 -5.89165
0.55706 -0.45440 0.50178 0.48106
1.00000 1.00000 1.00000

-0.00000 8.64157 -0.00001
0.47570 -0.10398 -0.04805 0.87212
1.00000 1.00000 1.00000

-0.00000 29.15146 0.00000
