# WiseModel 0.0.1
BONECOUNT: 68
FPS: 30
GLOBAL_TRANSFORM:
1.00000 -0.00000 0.00000 -0.00000
-0.00000 1.00000 -0.00000 0.00000
0.00000 -0.00000 1.00000 -0.00000
-0.00000 0.00000 -0.00000 1.00000

BONE_NAME: mixamorig:Hips
PARENT_INDEX: -1
OFFSET_MATRIX:
1.00000 -0.00000 -0.00000 -0.00000
0.00000 1.00000 -0.00000 0.00000
0.00000 -0.00000 1.00000 -0.00000
-0.00016 -96.37582 0.03575 1.00000

BONE_NAME: mixamorig:Spine
PARENT_INDEX: 0
OFFSET_MATRIX:
1.00000 0.00000 0.00000 -0.00000
-0.00000 0.99995 0.01019 0.00000
-0.00000 -0.01019 0.99995 -0.00000
-0.00000 -105.58097 -2.61718 1.00000

BONE_NAME: mixamorig:Spine1
PARENT_INDEX: 1
OFFSET_MATRIX:
1.00000 -0.00000 0.00000 -0.00000
-0.00000 0.99554 0.09432 0.00000
-0.00000 -0.09432 0.99554 -0.00000
-0.00000 -121.18312 -12.86358 1.00000

BONE_NAME: mixamorig:Spine2
PARENT_INDEX: 2
OFFSET_MATRIX:
1.00000 -0.00000 0.00000 -0.00000
-0.00000 1.00000 0.00000 0.00000
-0.00000 -0.00000 1.00000 -0.00000
-0.00000 -135.49585 -0.08347 1.00000

BONE_NAME: mixamorig:Neck
PARENT_INDEX: 3
OFFSET_MATRIX:
1.00000 -0.00000 0.00000 -0.00000
-0.00000 1.00000 0.00000 0.00000
-0.00000 -0.00000 1.00000 -0.00000
-0.00000 -149.37329 4.27071 1.00000

BONE_NAME: mixamorig:Neck1
PARENT_INDEX: 4
OFFSET_MATRIX:
1.00000 -0.00000 0.00000 -0.00000
-0.00000 1.00000 -0.00000 0.00000
-0.00000 -0.00000 1.00000 -0.00000
-0.00000 -153.71332 3.34382 1.00000

BONE_NAME: mixamorig:Head
PARENT_INDEX: 5
OFFSET_MATRIX:
1.00000 -0.00000 0.00000 -0.00000
-0.00000 1.00000 0.00000 0.00000
-0.00000 -0.00000 1.00000 -0.00000
-0.00000 -157.73993 2.48530 1.00000

BONE_NAME: mixamorig:HeadTop_End
PARENT_INDEX: 6
OFFSET_MATRIX:
1.00000 -0.00000 0.00000 -0.00000
-0.00000 1.00000 0.00000 0.00000
-0.00000 -0.00000 1.00000 -0.00000
-0.00941 -196.14510 -7.10251 1.00000

BONE_NAME: mixamorig:LeftEye
PARENT_INDEX: 6
OFFSET_MATRIX:
0.00000 1.00000 -0.00000 -0.00000
-0.00000 -0.00000 -1.00000 0.00000
-1.00000 0.00000 0.00000 -0.00000
11.30093 -5.09008 173.97031 1.00000

BONE_NAME: mixamorig:RightEye
PARENT_INDEX: 6
OFFSET_MATRIX:
0.00002 -1.00000 -0.00000 -0.00000
-0.00000 0.00000 -1.00000 0.00000
1.00000 0.00002 -0.00000 -0.00000
-11.30044 -5.09025 173.97034 1.00000

BONE_NAME: mixamorig:LeftShoulder
PARENT_INDEX: 3
OFFSET_MATRIX:
-0.13936 0.98653 -0.08565 -0.00000
-0.00000 -0.08650 -0.99625 0.00000
-0.99024 -0.13884 0.01205 -0.00000
-2.81729 6.02449 145.70784 1.00000

BONE_NAME: mixamorig:LeftArm
PARENT_INDEX: 10
OFFSET_MATRIX:
-0.00000 1.00000 -0.00000 -0.00000
0.00000 0.00000 -1.00000 0.00000
-1.00000 0.00000 -0.00000 -0.00000
-5.44054 -18.44233 144.60460 1.00000

BONE_NAME: mixamorig:LeftForeArm
PARENT_INDEX: 11
OFFSET_MATRIX:
0.00000 1.00000 -0.00000 -0.00000
-0.00000 -0.00000 -1.00000 0.00000
-1.00000 0.00000 0.00000 -0.00000
-5.44052 -46.12925 144.60463 1.00000

BONE_NAME: mixamorig:LeftHand
PARENT_INDEX: 12
OFFSET_MATRIX:
0.00000 1.00000 -0.00000 -0.00000
-0.00000 0.00000 -1.00000 0.00000
-1.00000 0.00000 0.00000 -0.00000
-5.44051 -74.02411 144.60458 1.00000

BONE_NAME: mixamorig:LeftHandThumb1
PARENT_INDEX: 13
OFFSET_MATRIX:
0.50991 0.77460 -0.37416 -0.00000
0.02328 -0.44721 -0.89412 0.00000
-0.85991 0.44721 -0.24607 -0.00000
-44.98721 6.20675 155.85327 1.00000

BONE_NAME: mixamorig:LeftHandThumb2
PARENT_INDEX: 14
OFFSET_MATRIX:
0.50954 0.75870 -0.40589 -0.00000
0.02349 -0.48381 -0.87486 0.00000
-0.86013 0.43624 -0.26434 -0.00000
-44.98735 8.11681 155.65091 1.00000

BONE_NAME: mixamorig:LeftHandThumb3
PARENT_INDEX: 15
OFFSET_MATRIX:
0.50830 0.68807 -0.51787 -0.00000
0.02418 -0.61252 -0.79009 0.00000
-0.86084 0.38908 -0.32799 -0.00000
-44.97994 26.76338 153.36305 1.00000

BONE_NAME: mixamorig:LeftHandThumb4
PARENT_INDEX: 16
OFFSET_MATRIX:
0.50830 0.68807 -0.51787 -0.00000
0.02418 -0.61252 -0.79009 0.00000
-0.86084 0.38908 -0.32799 -0.00000
-44.97991 23.62995 153.36307 1.00000

BONE_NAME: mixamorig:LeftHandIndex1
PARENT_INDEX: 13
OFFSET_MATRIX:
0.00000 1.00000 -0.00000 -0.00000
0.00000 0.00000 -1.00000 0.00000
-1.00000 0.00000 -0.00000 -0.00000
-3.23837 -84.53892 144.33908 1.00000

BONE_NAME: mixamorig:LeftHandIndex2
PARENT_INDEX: 18
OFFSET_MATRIX:
0.00000 1.00000 -0.00000 -0.00000
-0.00000 0.00000 -1.00000 0.00000
-1.00000 0.00000 0.00000 -0.00000
-3.23833 -90.08820 144.33908 1.00000

BONE_NAME: mixamorig:LeftHandIndex3
PARENT_INDEX: 19
OFFSET_MATRIX:
-0.03869 0.99925 -0.00086 -0.00000
0.00000 -0.00086 -1.00000 0.00000
-0.99925 -0.03869 0.00003 0.00000
0.38096 -93.41044 144.41948 1.00000

BONE_NAME: mixamorig:LeftHandIndex4
PARENT_INDEX: 20
OFFSET_MATRIX:
-0.03869 0.99925 -0.00086 -0.00000
0.00000 -0.00086 -1.00000 0.00000
-0.99925 -0.03869 0.00003 0.00000
0.38099 -96.00072 144.41948 1.00000

BONE_NAME: mixamorig:LeftHandMiddle1
PARENT_INDEX: 13
OFFSET_MATRIX:
-0.12157 0.99246 0.01581 -0.00000
0.00000 0.01593 -0.99987 0.00000
-0.99258 -0.12156 -0.00194 0.00000
4.81220 -86.84899 143.20471 1.00000

BONE_NAME: mixamorig:LeftHandMiddle2
PARENT_INDEX: 22
OFFSET_MATRIX:
-0.12157 0.99246 0.01581 -0.00000
0.00000 0.01593 -0.99987 0.00000
-0.99258 -0.12156 -0.00194 0.00000
4.81219 -92.65414 143.20490 1.00000

BONE_NAME: mixamorig:LeftHandMiddle3
PARENT_INDEX: 23
OFFSET_MATRIX:
-0.12174 0.99244 0.01581 -0.00000
-0.00000 0.01592 -0.99987 0.00000
-0.99256 -0.12172 -0.00194 -0.00000
4.82810 -96.33503 143.20511 1.00000

BONE_NAME: mixamorig:LeftHandMiddle4
PARENT_INDEX: 24
OFFSET_MATRIX:
-0.12174 0.99244 0.01581 -0.00000
0.00000 0.01592 -0.99987 0.00000
-0.99256 -0.12172 -0.00194 0.00000
4.82787 -98.33007 143.20509 1.00000

BONE_NAME: mixamorig:LeftHandRing1
PARENT_INDEX: 13
OFFSET_MATRIX:
-0.21143 0.97724 0.01747 -0.00000
0.00000 0.01787 -0.99984 0.00000
-0.97739 -0.21140 -0.00378 0.00000
10.17576 -86.58259 142.99850 1.00000

BONE_NAME: mixamorig:LeftHandRing2
PARENT_INDEX: 26
OFFSET_MATRIX:
-0.21144 0.97724 0.01747 -0.00000
-0.00000 0.01788 -0.99984 0.00000
-0.97739 -0.21140 -0.00378 -0.00000
10.17598 -92.00204 142.99814 1.00000

BONE_NAME: mixamorig:LeftHandRing3
PARENT_INDEX: 27
OFFSET_MATRIX:
-0.21143 0.97724 0.01745 -0.00000
0.00000 0.01785 -0.99984 0.00000
-0.97739 -0.21140 -0.00377 0.00000
10.17566 -95.72610 143.00076 1.00000

BONE_NAME: mixamorig:LeftHandRing4
PARENT_INDEX: 28
OFFSET_MATRIX:
-0.21144 0.97724 0.01747 -0.00000
-0.00000 0.01788 -0.99984 0.00000
-0.97739 -0.21140 -0.00378 -0.00000
10.17604 -97.41045 142.99809 1.00000

BONE_NAME: mixamorig:LeftHandPinky1
PARENT_INDEX: 13
OFFSET_MATRIX:
-0.37626 0.92645 -0.01082 -0.00000
-0.00000 -0.01168 -0.99993 0.00000
-0.92651 -0.37624 0.00439 -0.00000
22.35500 -79.72455 145.30000 1.00000

BONE_NAME: mixamorig:LeftHandPinky2
PARENT_INDEX: 30
OFFSET_MATRIX:
-0.37626 0.92645 -0.01083 -0.00000
-0.00000 -0.01169 -0.99993 0.00000
-0.92651 -0.37624 0.00440 -0.00000
22.35498 -83.40797 145.30055 1.00000

BONE_NAME: mixamorig:LeftHandPinky3
PARENT_INDEX: 31
OFFSET_MATRIX:
-0.33138 0.94345 -0.00974 -0.00000
0.00000 -0.01032 -0.99995 0.00000
-0.94350 -0.33136 0.00342 0.00000
18.11127 -87.39309 145.19250 1.00000

BONE_NAME: mixamorig:LeftHandPinky4
PARENT_INDEX: 32
OFFSET_MATRIX:
-0.33138 0.94345 -0.00973 -0.00000
-0.00000 -0.01032 -0.99995 0.00000
-0.94350 -0.33136 0.00342 -0.00000
18.11176 -89.54633 145.19246 1.00000

BONE_NAME: mixamorig:RightShoulder
PARENT_INDEX: 3
OFFSET_MATRIX:
-0.13936 -0.98653 0.08563 -0.00000
-0.00000 -0.08648 -0.99625 0.00000
0.99024 -0.13884 0.01205 -0.00000
2.81731 6.02151 145.70815 1.00000

BONE_NAME: mixamorig:RightArm
PARENT_INDEX: 34
OFFSET_MATRIX:
-0.00000 -1.00000 0.00000 0.00000
-0.00000 -0.00000 -1.00000 0.00000
1.00000 0.00000 -0.00000 -0.00000
5.44053 -18.44230 144.60504 1.00000

BONE_NAME: mixamorig:RightForeArm
PARENT_INDEX: 35
OFFSET_MATRIX:
0.00000 -1.00000 -0.00000 -0.00000
-0.00000 0.00000 -1.00000 0.00000
1.00000 0.00000 -0.00000 -0.00000
5.44054 -46.12940 144.60501 1.00000

BONE_NAME: mixamorig:RightHand
PARENT_INDEX: 36
OFFSET_MATRIX:
0.00000 -1.00000 0.00000 -0.00000
-0.00000 -0.00000 -1.00000 0.00000
1.00000 0.00000 -0.00000 -0.00000
5.44056 -74.02388 144.60518 1.00000

BONE_NAME: mixamorig:RightHandThumb1
PARENT_INDEX: 37
OFFSET_MATRIX:
0.50764 -0.77458 0.37727 -0.00000
-0.01788 -0.44727 -0.89422 0.00000
0.86138 0.44720 -0.24090 -0.00000
44.04524 6.21587 156.12175 1.00000

BONE_NAME: mixamorig:RightHandThumb2
PARENT_INDEX: 38
OFFSET_MATRIX:
0.50707 -0.75874 0.40890 -0.00000
-0.01820 -0.48373 -0.87503 0.00000
0.86171 0.43626 -0.25909 -0.00000
44.04557 8.10353 155.92052 1.00000

BONE_NAME: mixamorig:RightHandThumb3
PARENT_INDEX: 39
OFFSET_MATRIX:
0.50511 -0.68797 0.52112 -0.00000
-0.01931 -0.61266 -0.79011 0.00000
0.86284 0.38903 -0.32274 -0.00000
44.03339 26.79148 153.63283 1.00000

BONE_NAME: mixamorig:RightHandThumb4
PARENT_INDEX: 40
OFFSET_MATRIX:
0.50511 -0.68797 0.52112 -0.00000
-0.01931 -0.61266 -0.79011 0.00000
0.86284 0.38903 -0.32274 -0.00000
44.03336 23.65763 153.63287 1.00000

BONE_NAME: mixamorig:RightHandIndex1
PARENT_INDEX: 37
OFFSET_MATRIX:
-0.00000 -1.00000 0.00000 0.00000
-0.00000 -0.00000 -1.00000 0.00000
1.00000 0.00000 -0.00000 -0.00000
3.23834 -84.53891 144.33905 1.00000

BONE_NAME: mixamorig:RightHandIndex2
PARENT_INDEX: 42
OFFSET_MATRIX:
-0.00000 -1.00000 -0.00000 0.00000
0.00000 0.00000 -1.00000 0.00000
1.00000 -0.00000 0.00000 -0.00000
3.23832 -90.08821 144.33905 1.00000

BONE_NAME: mixamorig:RightHandIndex3
PARENT_INDEX: 43
OFFSET_MATRIX:
-0.03870 -0.99925 0.00077 -0.00000
-0.00000 -0.00077 -1.00000 0.00000
0.99925 -0.03870 0.00003 -0.00000
-0.38125 -93.42319 144.41119 1.00000

BONE_NAME: mixamorig:RightHandIndex4
PARENT_INDEX: 44
OFFSET_MATRIX:
-0.03870 -0.99925 0.00077 -0.00000
-0.00000 -0.00077 -1.00000 0.00000
0.99925 -0.03870 0.00003 -0.00000
-0.38129 -96.01344 144.41119 1.00000

BONE_NAME: mixamorig:RightHandMiddle1
PARENT_INDEX: 37
OFFSET_MATRIX:
-0.12157 -0.99246 -0.01573 -0.00000
0.00000 0.01585 -0.99987 -0.00000
0.99258 -0.12156 -0.00193 -0.00000
-4.81234 -86.83739 143.21198 1.00000

BONE_NAME: mixamorig:RightHandMiddle2
PARENT_INDEX: 46
OFFSET_MATRIX:
-0.12157 -0.99246 -0.01591 0.00000
-0.00000 0.01603 -0.99987 0.00000
0.99258 -0.12156 -0.00195 -0.00000
-4.81225 -92.66838 143.19539 1.00000

BONE_NAME: mixamorig:RightHandMiddle3
PARENT_INDEX: 47
OFFSET_MATRIX:
-0.12173 -0.99244 -0.01591 0.00000
-0.00000 0.01603 -0.99987 0.00000
0.99256 -0.12172 -0.00195 -0.00000
-4.82752 -96.35035 143.19489 1.00000

BONE_NAME: mixamorig:RightHandMiddle4
PARENT_INDEX: 48
OFFSET_MATRIX:
-0.12174 -0.99243 -0.01593 -0.00000
0.00000 0.01605 -0.99987 -0.00000
0.99256 -0.12172 -0.00195 -0.00000
-4.82786 -98.34760 143.19337 1.00000

BONE_NAME: mixamorig:RightHandRing1
PARENT_INDEX: 37
OFFSET_MATRIX:
-0.21143 -0.97724 -0.01750 0.00000
-0.00000 0.01790 -0.99984 0.00000
0.97739 -0.21140 -0.00378 -0.00000
-10.17580 -86.58617 142.99606 1.00000

BONE_NAME: mixamorig:RightHandRing2
PARENT_INDEX: 50
OFFSET_MATRIX:
-0.21143 -0.97724 -0.01757 -0.00000
0.00000 0.01797 -0.99984 -0.00000
0.97739 -0.21140 -0.00380 -0.00000
-10.17555 -92.01551 142.98938 1.00000

BONE_NAME: mixamorig:RightHandRing3
PARENT_INDEX: 51
OFFSET_MATRIX:
-0.21143 -0.97724 -0.01744 0.00000
-0.00000 0.01784 -0.99984 0.00000
0.97739 -0.21140 -0.00377 -0.00000
-10.17549 -95.72486 143.00185 1.00000

BONE_NAME: mixamorig:RightHandRing4
PARENT_INDEX: 52
OFFSET_MATRIX:
-0.21144 -0.97724 -0.01745 -0.00000
0.00000 0.01785 -0.99984 -0.00000
0.97739 -0.21140 -0.00377 -0.00000
-10.17593 -97.40658 143.00096 1.00000

BONE_NAME: mixamorig:RightHandPinky1
PARENT_INDEX: 37
OFFSET_MATRIX:
-0.37625 -0.92645 0.01081 -0.00000
-0.00000 -0.01167 -0.99993 0.00000
0.92652 -0.37623 0.00439 -0.00000
-22.35415 -79.72593 145.29938 1.00000

BONE_NAME: mixamorig:RightHandPinky2
PARENT_INDEX: 54
OFFSET_MATRIX:
-0.37627 -0.92645 0.01087 -0.00000
-0.00000 -0.01173 -0.99993 0.00000
0.92651 -0.37625 0.00441 -0.00000
-22.35582 -83.40141 145.30428 1.00000

BONE_NAME: mixamorig:RightHandPinky3
PARENT_INDEX: 55
OFFSET_MATRIX:
-0.33137 -0.94345 0.00962 0.00000
0.00000 -0.01020 -0.99995 0.00000
0.94350 -0.33136 0.00338 -0.00000
-18.11093 -87.41067 145.18192 1.00000

BONE_NAME: mixamorig:RightHandPinky4
PARENT_INDEX: 56
OFFSET_MATRIX:
-0.33137 -0.94345 0.00965 -0.00000
-0.00000 -0.01023 -0.99995 0.00000
0.94350 -0.33136 0.00339 -0.00000
-18.11080 -89.55880 145.18509 1.00000

BONE_NAME: mixamorig:LeftUpLeg
PARENT_INDEX: 0
OFFSET_MATRIX:
-1.00000 0.00158 0.00001 -0.00000
-0.00158 -0.99995 -0.00996 0.00000
-0.00000 -0.00996 0.99995 -0.00000
9.78044 93.08232 0.96304 1.00000

BONE_NAME: mixamorig:LeftLeg
PARENT_INDEX: 58
OFFSET_MATRIX:
-1.00000 0.00134 0.00008 -0.00000
-0.00134 -0.99830 -0.05823 0.00000
0.00000 -0.05823 0.99830 -0.00000
9.76861 51.14378 3.43634 1.00000

BONE_NAME: mixamorig:LeftFoot
PARENT_INDEX: 59
OFFSET_MATRIX:
-0.99946 -0.02990 -0.01384 -0.00000
0.01647 -0.81724 0.57606 0.00000
-0.02854 0.57552 0.81729 -0.00000
9.46488 11.98517 -4.78113 1.00000

BONE_NAME: mixamorig:LeftToeBase
PARENT_INDEX: 60
OFFSET_MATRIX:
-0.99596 0.08976 -0.00012 0.00000
-0.00000 0.00129 1.00000 0.00000
0.08976 0.99596 -0.00128 -0.00000
8.71887 -6.83799 0.03780 1.00000

BONE_NAME: mixamorig:LeftToe_End
PARENT_INDEX: 61
OFFSET_MATRIX:
-0.99596 0.08976 -0.00012 0.00000
-0.00000 0.00129 1.00000 0.00000
0.08976 0.99596 -0.00128 -0.00000
8.71887 -25.33800 0.03779 1.00000

BONE_NAME: mixamorig:RightUpLeg
PARENT_INDEX: 0
OFFSET_MATRIX:
-1.00000 -0.00158 -0.00002 -0.00000
0.00158 -0.99995 -0.00996 0.00000
-0.00000 -0.00996 0.99995 0.00000
-9.78045 93.08234 0.96301 1.00000

BONE_NAME: mixamorig:RightLeg
PARENT_INDEX: 63
OFFSET_MATRIX:
-1.00000 -0.00134 -0.00008 -0.00000
0.00134 -0.99830 -0.05823 0.00000
-0.00000 -0.05823 0.99830 0.00000
-9.76861 51.14381 3.43634 1.00000

BONE_NAME: mixamorig:RightFoot
PARENT_INDEX: 64
OFFSET_MATRIX:
-0.99946 0.02990 0.01384 -0.00000
-0.01648 -0.81724 0.57607 0.00000
0.02853 0.57553 0.81729 -0.00000
-9.46486 11.98512 -4.78116 1.00000

BONE_NAME: mixamorig:RightToeBase
PARENT_INDEX: 65
OFFSET_MATRIX:
-0.99596 -0.08976 0.00011 -0.00000
-0.00000 0.00129 1.00000 0.00000
-0.08976 0.99596 -0.00128 0.00000
-8.71885 -6.83804 0.03779 1.00000

BONE_NAME: mixamorig:RightToe_End
PARENT_INDEX: 66
OFFSET_MATRIX:
-0.99596 -0.08976 0.00011 -0.00000
-0.00000 0.00129 1.00000 0.00000
-0.08976 0.99596 -0.00128 0.00000
-8.71885 -25.33805 0.03779 1.00000

# ========== Armature|mixamo.com|Layer0 ==========
DURATION: 2.63333

KEYFRAME: 1
TIMESTAMP: 0.03333
0.27622 93.69264 -3.39078
0.70755 -0.00404 0.00202 0.70665
1.00000 1.00000 1.00000

0.00002 9.22632 1.57713
-0.07038 0.02338 -0.00817 0.99721
1.00000 1.00000 1.00000

0.00000 16.25488 0.00001
-0.05514 0.00492 -0.00163 0.99847
1.00000 1.00000 1.00000

-0.00000 13.70074 0.00000
0.03421 0.00495 -0.00164 0.99940
1.00000 1.00000 1.00000

-0.00000 13.87744 -4.35419
-0.15184 -0.00306 -0.02583 0.98806
1.00000 1.00000 1.00000

0.00000 4.34003 0.92690
0.00000 0.00000 0.00000 1.00000
1.00000 1.00000 1.00000

0.00000 4.02662 0.85852
-0.13379 -0.03168 0.07124 0.98794
1.00000 1.00000 1.00000

0.00941 38.40514 9.58782
0.00000 -0.00000 -0.00000 1.00000
1.00000 1.00000 1.00000

5.09006 16.23037 13.78622
0.50000 0.50000 -0.50000 0.50000
1.00000 1.00000 1.00000

-5.09006 16.23037 13.78622
0.50000 -0.50000 0.50000 0.50000
1.00000 1.00000 1.00000

6.14423 10.18701 -3.79325
0.52390 0.47843 -0.56182 0.42542
1.00000 1.00000 1.00000

0.00000 12.46600 0.00000
0.45795 0.10647 0.04656 0.88135
1.00000 1.00000 1.00000

0.00000 27.68699 -0.00000
0.00000 -0.00000 0.03353 0.99944
1.00000 1.00000 1.00000

0.00000 27.89479 0.00000
0.05031 0.01334 0.00448 0.99863
1.00000 1.00000 1.00000

-2.33004 2.42104 1.42962
0.21718 0.10333 0.17605 0.95455
1.00000 1.00000 1.00000

0.00000 4.51393 0.00001
0.12032 -0.15826 -0.27657 0.94021
1.00000 1.00000 1.00000

0.00001 5.17868 -0.00000
-0.00464 -0.07985 -0.56595 0.82055
1.00000 1.00000 1.00000

0.00000 3.13342 -0.00001
0.00000 -0.00000 -0.00000 1.00000
1.00000 1.00000 1.00000

-2.20217 10.51481 0.26550
0.67842 0.00622 -0.09222 0.72884
1.00000 1.00000 1.00000

-0.00000 5.54928 -0.00000
0.85634 -0.00000 -0.10285 0.50607
1.00000 1.00000 1.00000

-0.00001 3.39111 -0.00000
0.80382 -0.00000 -0.09655 0.58698
1.00000 1.00000 1.00000

0.00000 2.59028 -0.00000
0.00000 -0.00000 -0.00000 1.00000
1.00000 1.00000 1.00000

0.06274 10.49077 0.03473
0.68651 -0.00165 -0.08422 0.72222
1.00000 1.00000 1.00000

-0.00001 5.80542 -0.00000
0.82035 0.00000 -0.09792 0.56342
1.00000 1.00000 1.00000

0.00001 3.68200 0.00000
0.81179 0.00000 -0.09690 0.57585
1.00000 1.00000 1.00000

-0.00001 1.99505 -0.00000
-0.00000 0.00000 0.00000 1.00000
1.00000 1.00000 1.00000

2.37690 10.24072 0.08128
0.70448 -0.02446 -0.06287 0.70651
1.00000 1.00000 1.00000

-0.00000 5.41893 -0.00000
0.80298 -0.00000 -0.09521 0.58836
1.00000 1.00000 1.00000

-0.00000 3.72793 -0.00000
0.78292 0.00000 -0.09283 0.61516
1.00000 1.00000 1.00000

0.00000 1.68046 0.00000
-0.00001 -0.00000 -0.00000 1.00000
1.00000 1.00000 1.00000

4.48119 9.82024 0.24561
0.73122 -0.04291 -0.05358 0.67868
1.00000 1.00000 1.00000

0.00000 3.68446 0.00000
0.75999 0.02721 -0.07030 0.64555
1.00000 1.00000 1.00000

-0.00000 2.81520 -0.00000
0.87843 0.00012 -0.10784 0.46554
1.00000 1.00000 1.00000

-0.00000 2.15327 0.00000
-0.00000 -0.00000 -0.00000 1.00000
1.00000 1.00000 1.00000

-6.14423 10.18718 -3.79325
0.40990 -0.54061 0.66101 0.32059
1.00000 1.00000 1.00000

0.00001 12.46596 -0.00001
0.47311 0.15992 -0.00841 0.86633
1.00000 1.00000 1.00000

-0.00000 27.68703 -0.00001
-0.00000 0.00000 -0.00000 1.00000
1.00000 1.00000 1.00000

0.00000 27.89481 -0.00001
0.18696 -0.16377 0.01705 0.96847
1.00000 1.00000 1.00000

2.33004 2.42100 1.43002
0.25790 -0.05695 -0.16651 0.95001
1.00000 1.00000 1.00000

0.00000 4.51409 0.00000
0.10476 -0.03378 0.31691 0.94205
1.00000 1.00000 1.00000

-0.00001 5.17848 0.00000
0.11406 0.05126 0.49411 0.86036
1.00000 1.00000 1.00000

0.00000 3.13386 0.00000
-0.00000 0.00000 0.00000 1.00000
1.00000 1.00000 1.00000

2.20218 10.51480 0.26601
0.67685 -0.01651 0.10385 0.72857
1.00000 1.00000 1.00000

0.00000 5.54930 0.00000
0.85622 0.00000 0.10384 0.50607
1.00000 1.00000 1.00000

0.00000 3.39110 0.00000
0.80371 0.00000 0.09748 0.58698
1.00000 1.00000 1.00000

0.00001 2.59025 0.00000
-0.00000 0.00000 0.00000 1.00000
1.00000 1.00000 1.00000

-0.06273 10.49080 0.03501
0.68653 0.00171 0.08496 0.72212
1.00000 1.00000 1.00000

0.00001 5.80537 0.00000
0.82015 -0.00000 0.09887 0.56354
1.00000 1.00000 1.00000

-0.00001 3.68200 0.00001
0.81169 -0.00004 0.09779 0.57585
1.00000 1.00000 1.00000

0.00000 1.99508 0.00000
-0.00001 0.00000 0.00000 1.00000
1.00000 1.00000 1.00000

-2.37690 10.24069 0.08200
0.71933 0.03465 0.05657 0.69150
1.00000 1.00000 1.00000

-0.00000 5.41896 -0.00000
0.77069 0.00000 0.09229 0.63049
1.00000 1.00000 1.00000

0.00000 3.72796 0.00000
0.78281 -0.00004 0.09369 0.61516
1.00000 1.00000 1.00000

-0.00000 1.68045 -0.00000
-0.00000 0.00000 0.00000 1.00000
1.00000 1.00000 1.00000

-4.48118 9.82019 0.24600
0.73228 0.06901 0.03018 0.67682
1.00000 1.00000 1.00000

0.00000 3.68448 -0.00000
0.75743 -0.00000 0.09408 0.64610
1.00000 1.00000 1.00000

0.00001 2.81518 0.00000
0.87830 -0.00012 0.10886 0.46555
1.00000 1.00000 1.00000

-0.00000 2.15328 0.00000
0.00002 -0.00000 -0.00000 1.00000
1.00000 1.00000 1.00000

9.63378 -3.27327 -0.00000
-0.09408 -0.04280 -0.98900 0.10582
1.00000 1.00000 1.00000

-0.00000 41.83453 0.00001
-0.20711 -0.07629 0.01996 0.97513
1.00000 1.00000 1.00000

-0.00001 38.94324 -0.00000
0.20175 -0.02501 -0.14159 0.96883
1.00000 1.00000 1.00000

0.00001 15.19999 -0.00000
0.47064 -0.02017 0.05608 0.88031
1.00000 1.00000 1.00000

0.00001 18.50001 0.00000
0.00000 -0.00000 0.00000 1.00000
1.00000 1.00000 1.00000

-9.63379 -3.27321 -0.00000
-0.23963 0.00641 0.95110 0.19480
1.00000 1.00000 1.00000

-0.00000 41.83453 -0.00000
-0.13810 0.07105 -0.02236 0.98761
1.00000 1.00000 1.00000

-0.00000 38.94331 0.00000
0.05311 -0.01576 0.05000 0.99721
1.00000 1.00000 1.00000

-0.00001 15.20000 0.00000
0.43559 0.01924 -0.05691 0.89814
1.00000 1.00000 1.00000

0.00001 18.50000 -0.00000
-0.00000 0.00000 -0.00000 1.00000
1.00000 1.00000 1.00000

KEYFRAME: 2
TIMESTAMP: 0.06667
0.16831 93.71356 -3.43836
0.70763 -0.00417 0.00189 0.70657
1.00000 1.00000 1.00000

0.00002 9.22632 1.57714
-0.07056 0.02377 -0.00696 0.99720
1.00000 1.00000 1.00000

-0.00000 16.25488 -0.00000
-0.05516 0.00499 -0.00138 0.99846
1.00000 1.00000 1.00000

-0.00000 13.70073 0.00001
0.03419 0.00503 -0.00139 0.99940
1.00000 1.00000 1.00000

0.00000 13.87744 -4.35419
-0.15290 -0.00238 -0.02839 0.98783
1.00000 1.00000 1.00000

-0.00000 4.34003 0.92691
-0.00000 0.00000 0.00000 1.00000
1.00000 1.00000 1.00000

-0.00000 4.02662 0.85853
-0.13340 -0.03128 0.07258 0.98791
1.00000 1.00000 1.00000

0.00941 38.40515 9.58781
0.00000 0.00000 -0.00000 1.00000
1.00000 1.00000 1.00000

5.09006 16.23038 13.78621
0.50000 0.50000 -0.50000 0.50000
1.00000 1.00000 1.00000

-5.09006 16.23038 13.78621
0.50000 -0.50000 0.50000 0.50000
1.00000 1.00000 1.00000

6.14423 10.18701 -3.79324
0.52340 0.47829 -0.56281 0.42488
1.00000 1.00000 1.00000

0.00001 12.46601 -0.00000
0.45968 0.10653 0.05033 0.88024
1.00000 1.00000 1.00000

-0.00001 27.68700 -0.00000
0.00000 -0.00000 0.03477 0.99940
1.00000 1.00000 1.00000

-0.00001 27.89479 0.00000
0.04720 0.01517 0.00560 0.99875
1.00000 1.00000 1.00000

-2.33004 2.42104 1.42960
0.21718 0.10333 0.17605 0.95455
1.00000 1.00000 1.00000

0.00001 4.51393 0.00000
0.12032 -0.15826 -0.27657 0.94021
1.00000 1.00000 1.00000

-0.00000 5.17868 0.00000
-0.00464 -0.07985 -0.56595 0.82055
1.00000 1.00000 1.00000

0.00000 3.13343 -0.00001
0.00000 -0.00000 -0.00000 1.00000
1.00000 1.00000 1.00000

-2.20217 10.51481 0.26549
0.67842 0.00622 -0.09222 0.72884
1.00000 1.00000 1.00000

-0.00000 5.54929 0.00000
0.85634 -0.00000 -0.10285 0.50607
1.00000 1.00000 1.00000

0.00000 3.39111 -0.00000
0.80382 -0.00000 -0.09655 0.58698
1.00000 1.00000 1.00000

-0.00000 2.59028 -0.00000
0.00000 -0.00000 -0.00000 1.00000
1.00000 1.00000 1.00000

0.06274 10.49076 0.03472
0.68651 -0.00165 -0.08422 0.72222
1.00000 1.00000 1.00000

-0.00000 5.80542 -0.00000
0.82035 0.00000 -0.09792 0.56342
1.00000 1.00000 1.00000

-0.00002 3.68200 -0.00000
0.81179 0.00000 -0.09690 0.57585
1.00000 1.00000 1.00000

-0.00000 1.99505 0.00000
-0.00000 0.00000 0.00000 1.00000
1.00000 1.00000 1.00000

2.37689 10.24072 0.08128
0.70448 -0.02446 -0.06287 0.70651
1.00000 1.00000 1.00000

-0.00001 5.41893 0.00000
0.80298 -0.00000 -0.09521 0.58836
1.00000 1.00000 1.00000

0.00002 3.72793 -0.00000
0.78292 0.00000 -0.09283 0.61516
1.00000 1.00000 1.00000

-0.00001 1.68047 -0.00000
-0.00001 -0.00000 -0.00000 1.00000
1.00000 1.00000 1.00000

4.48119 9.82024 0.24560
0.73122 -0.04291 -0.05358 0.67868
1.00000 1.00000 1.00000

0.00000 3.68446 -0.00000
0.75999 0.02721 -0.07030 0.64555
1.00000 1.00000 1.00000

0.00001 2.81520 -0.00001
0.87843 0.00012 -0.10784 0.46554
1.00000 1.00000 1.00000

-0.00001 2.15327 -0.00000
-0.00000 -0.00000 -0.00000 1.00000
1.00000 1.00000 1.00000

-6.14423 10.18718 -3.79324
0.40224 -0.54324 0.66327 0.32120
1.00000 1.00000 1.00000

-0.00000 12.46596 -0.00000
0.47415 0.15634 -0.01462 0.86633
1.00000 1.00000 1.00000

0.00000 27.68702 0.00001
-0.00000 -0.00000 -0.00000 1.00000
1.00000 1.00000 1.00000

-0.00001 27.89480 0.00001
0.18248 -0.16234 0.01481 0.96960
1.00000 1.00000 1.00000

2.33004 2.42100 1.43002
0.25790 -0.05695 -0.16651 0.95001
1.00000 1.00000 1.00000

-0.00000 4.51408 -0.00000
0.10476 -0.03378 0.31691 0.94205
1.00000 1.00000 1.00000

-0.00001 5.17848 -0.00000
0.11406 0.05126 0.49411 0.86036
1.00000 1.00000 1.00000

-0.00000 3.13387 0.00001
-0.00000 0.00000 0.00000 1.00000
1.00000 1.00000 1.00000

2.20216 10.51480 0.26600
0.67685 -0.01651 0.10385 0.72857
1.00000 1.00000 1.00000

-0.00001 5.54931 -0.00000
0.85622 0.00000 0.10384 0.50607
1.00000 1.00000 1.00000

-0.00001 3.39110 0.00000
0.80371 0.00000 0.09748 0.58698
1.00000 1.00000 1.00000

0.00000 2.59024 -0.00000
0.00000 0.00000 0.00000 1.00000
1.00000 1.00000 1.00000

-0.06274 10.49080 0.03501
0.68653 0.00171 0.08496 0.72212
1.00000 1.00000 1.00000

0.00000 5.80537 -0.00000
0.82015 -0.00000 0.09887 0.56354
1.00000 1.00000 1.00000

-0.00000 3.68201 0.00000
0.81169 -0.00004 0.09779 0.57585
1.00000 1.00000 1.00000

-0.00000 1.99508 0.00001
-0.00001 0.00000 0.00000 1.00000
1.00000 1.00000 1.00000

-2.37690 10.24069 0.08200
0.71933 0.03465 0.05657 0.69150
1.00000 1.00000 1.00000

-0.00001 5.41896 0.00000
0.77069 0.00000 0.09229 0.63049
1.00000 1.00000 1.00000

0.00001 3.72796 -0.00000
0.78281 -0.00004 0.09369 0.61516
1.00000 1.00000 1.00000

0.00000 1.68045 -0.00001
-0.00000 0.00000 0.00000 1.00000
1.00000 1.00000 1.00000

-4.48119 9.82019 0.24600
0.73228 0.06901 0.03018 0.67682
1.00000 1.00000 1.00000

-0.00001 3.68448 -0.00000
0.75743 -0.00000 0.09408 0.64610
1.00000 1.00000 1.00000

0.00000 2.81518 0.00000
0.87830 -0.00012 0.10886 0.46555
1.00000 1.00000 1.00000

0.00001 2.15327 -0.00001
0.00002 -0.00000 -0.00000 1.00000
1.00000 1.00000 1.00000

9.63378 -3.27327 0.00001
-0.09428 -0.04021 -0.98914 0.10536
1.00000 1.00000 1.00000

-0.00000 41.83453 -0.00001
-0.20535 -0.07637 0.01969 0.97551
1.00000 1.00000 1.00000

0.00001 38.94323 0.00000
0.20075 -0.02481 -0.14215 0.96896
1.00000 1.00000 1.00000

-0.00001 15.20000 -0.00000
0.47080 -0.02018 0.05608 0.88023
1.00000 1.00000 1.00000

0.00001 18.50000 -0.00000
0.00000 0.00000 -0.00000 1.00000
1.00000 1.00000 1.00000

-9.63379 -3.27321 0.00000
-0.24137 0.00526 0.95071 0.19458
1.00000 1.00000 1.00000

-0.00000 41.83453 0.00001
-0.13694 0.07162 -0.02238 0.98773
1.00000 1.00000 1.00000

0.00000 38.94331 -0.00000
0.05200 -0.01602 0.05007 0.99726
1.00000 1.00000 1.00000

-0.00000 15.19999 0.00001
0.43565 0.01924 -0.05690 0.89811
1.00000 1.00000 1.00000

0.00000 18.49999 0.00001
-0.00000 0.00000 -0.00000 1.00000
1.00000 1.00000 1.00000

KEYFRAME: 3
TIMESTAMP: 0.10000
0.06368 93.74087 -3.48982
0.70778 -0.00446 0.00161 0.70642
1.00000 1.00000 1.00000

0.00002 9.22632 1.57713
-0.07077 0.02408 -0.00558 0.99719
1.00000 1.00000 1.00000

-0.00000 16.25488 0.00001
-0.05518 0.00505 -0.00111 0.99846
1.00000 1.00000 1.00000

0.00000 13.70074 0.00000
0.03417 0.00509 -0.00112 0.99940
1.00000 1.00000 1.00000

0.00000 13.87744 -4.35418
-0.15349 -0.00156 -0.03172 0.98764
1.00000 1.00000 1.00000

0.00000 4.34001 0.92690
-0.00000 0.00000 -0.00000 1.00000
1.00000 1.00000 1.00000

-0.00000 4.02661 0.85852
-0.13316 -0.03111 0.07447 0.98780
1.00000 1.00000 1.00000

0.00941 38.40515 9.58783
0.00000 -0.00000 -0.00000 1.00000
1.00000 1.00000 1.00000

5.09006 16.23038 13.78622
0.50000 0.50000 -0.50000 0.50000
1.00000 1.00000 1.00000

-5.09006 16.23038 13.78622
0.50000 -0.50000 0.50000 0.50000
1.00000 1.00000 1.00000

6.14423 10.18701 -3.79324
0.52365 0.47782 -0.56348 0.42422
1.00000 1.00000 1.00000

0.00001 12.46601 -0.00000
0.46132 0.10590 0.05415 0.87923
1.00000 1.00000 1.00000

-0.00001 27.68699 0.00000
0.00000 -0.00000 0.03628 0.99934
1.00000 1.00000 1.00000

0.00000 27.89479 -0.00001
0.04440 0.01825 0.00708 0.99882
1.00000 1.00000 1.00000

-2.33003 2.42104 1.42961
0.21718 0.10333 0.17605 0.95455
1.00000 1.00000 1.00000

-0.00000 4.51394 0.00001
0.12032 -0.15826 -0.27657 0.94021
1.00000 1.00000 1.00000

0.00000 5.17868 0.00000
-0.00464 -0.07985 -0.56595 0.82055
1.00000 1.00000 1.00000

0.00000 3.13344 -0.00000
0.00000 -0.00000 -0.00000 1.00000
1.00000 1.00000 1.00000

-2.20217 10.51481 0.26550
0.67842 0.00622 -0.09222 0.72884
1.00000 1.00000 1.00000

0.00001 5.54929 -0.00000
0.85634 -0.00000 -0.10285 0.50607
1.00000 1.00000 1.00000

0.00000 3.39111 0.00000
0.80382 -0.00000 -0.09655 0.58698
1.00000 1.00000 1.00000

0.00000 2.59028 -0.00000
0.00000 -0.00000 -0.00000 1.00000
1.00000 1.00000 1.00000

0.06274 10.49077 0.03473
0.68651 -0.00165 -0.08422 0.72222
1.00000 1.00000 1.00000

0.00001 5.80542 0.00001
0.82035 0.00000 -0.09792 0.56342
1.00000 1.00000 1.00000

0.00001 3.68200 0.00000
0.81179 0.00000 -0.09690 0.57585
1.00000 1.00000 1.00000

0.00000 1.99504 -0.00000
0.00000 0.00000 0.00000 1.00000
1.00000 1.00000 1.00000

2.37690 10.24072 0.08128
0.70448 -0.02446 -0.06287 0.70651
1.00000 1.00000 1.00000

-0.00001 5.41893 0.00000
0.80298 -0.00000 -0.09521 0.58836
1.00000 1.00000 1.00000

0.00000 3.72792 0.00000
0.78292 0.00000 -0.09283 0.61516
1.00000 1.00000 1.00000

-0.00002 1.68046 0.00000
-0.00001 -0.00000 -0.00000 1.00000
1.00000 1.00000 1.00000

4.48118 9.82024 0.24560
0.73122 -0.04291 -0.05358 0.67868
1.00000 1.00000 1.00000

-0.00000 3.68446 -0.00000
0.75999 0.02721 -0.07030 0.64555
1.00000 1.00000 1.00000

0.00000 2.81520 -0.00000
0.87843 0.00012 -0.10784 0.46554
1.00000 1.00000 1.00000

0.00000 2.15327 -0.00000
-0.00000 -0.00000 -0.00000 1.00000
1.00000 1.00000 1.00000

-6.14423 10.18718 -3.79324
0.39511 -0.54677 0.66379 0.32296
1.00000 1.00000 1.00000

-0.00001 12.46596 -0.00001
0.47597 0.15259 -0.02100 0.86587
1.00000 1.00000 1.00000

-0.00000 27.68702 -0.00000
-0.00000 0.00000 -0.00000 1.00000
1.00000 1.00000 1.00000

0.00000 27.89480 0.00000
0.17769 -0.16320 0.01189 0.97039
1.00000 1.00000 1.00000

2.33004 2.42100 1.43002
0.25790 -0.05695 -0.16651 0.95001
1.00000 1.00000 1.00000

-0.00001 4.51408 -0.00000
0.10476 -0.03378 0.31691 0.94205
1.00000 1.00000 1.00000

0.00001 5.17848 -0.00001
0.11406 0.05126 0.49411 0.86036
1.00000 1.00000 1.00000

0.00000 3.13386 0.00001
-0.00000 0.00000 0.00000 1.00000
1.00000 1.00000 1.00000

2.20218 10.51479 0.26600
0.67685 -0.01651 0.10385 0.72857
1.00000 1.00000 1.00000

0.00000 5.54931 0.00000
0.85622 0.00000 0.10384 0.50607
1.00000 1.00000 1.00000

0.00000 3.39110 0.00000
0.80371 0.00000 0.09748 0.58698
1.00000 1.00000 1.00000

-0.00000 2.59024 0.00000
-0.00000 0.00000 0.00000 1.00000
1.00000 1.00000 1.00000

-0.06273 10.49080 0.03500
0.68653 0.00171 0.08496 0.72212
1.00000 1.00000 1.00000

0.00001 5.80537 0.00000
0.82015 -0.00000 0.09887 0.56354
1.00000 1.00000 1.00000

-0.00000 3.68200 -0.00000
0.81169 -0.00004 0.09779 0.57585
1.00000 1.00000 1.00000

-0.00000 1.99507 0.00000
-0.00001 0.00000 0.00000 1.00000
1.00000 1.00000 1.00000

-2.37689 10.24069 0.08200
0.71933 0.03465 0.05657 0.69150
1.00000 1.00000 1.00000

0.00000 5.41896 0.00000
0.77069 0.00000 0.09229 0.63049
1.00000 1.00000 1.00000

0.00000 3.72797 -0.00000
0.78281 -0.00004 0.09369 0.61516
1.00000 1.00000 1.00000

0.00001 1.68044 -0.00000
-0.00000 0.00000 0.00000 1.00000
1.00000 1.00000 1.00000

-4.48118 9.82019 0.24600
0.73228 0.06901 0.03018 0.67682
1.00000 1.00000 1.00000

0.00001 3.68448 0.00000
0.75743 -0.00000 0.09408 0.64610
1.00000 1.00000 1.00000

0.00000 2.81518 0.00000
0.87830 -0.00012 0.10886 0.46555
1.00000 1.00000 1.00000

0.00000 2.15328 -0.00001
0.00002 -0.00000 -0.00000 1.00000
1.00000 1.00000 1.00000

9.63379 -3.27327 0.00000
-0.09460 -0.03730 -0.98926 0.10502
1.00000 1.00000 1.00000

0.00000 41.83453 0.00000
-0.20319 -0.07649 0.01938 0.97595
1.00000 1.00000 1.00000

0.00000 38.94323 -0.00001
0.19927 -0.02453 -0.14286 0.96917
1.00000 1.00000 1.00000

0.00000 15.20001 0.00001
0.47075 -0.02017 0.05608 0.88025
1.00000 1.00000 1.00000

0.00000 18.50000 0.00001
0.00000 0.00000 -0.00000 1.00000
1.00000 1.00000 1.00000

-9.63379 -3.27321 -0.00000
-0.24331 0.00388 0.95028 0.19430
1.00000 1.00000 1.00000

-0.00000 41.83453 0.00000
-0.13551 0.07248 -0.02249 0.98786
1.00000 1.00000 1.00000

0.00000 38.94331 -0.00001
0.05069 -0.01454 0.05018 0.99735
1.00000 1.00000 1.00000

-0.00000 15.20001 -0.00001
0.43539 0.01924 -0.05691 0.89824
1.00000 1.00000 1.00000

-0.00001 18.50000 0.00001
-0.00000 0.00000 -0.00000 1.00000
1.00000 1.00000 1.00000

KEYFRAME: 4
TIMESTAMP: 0.13333
-0.02998 93.78385 -3.55076
0.70805 -0.00490 0.00112 0.70615
1.00000 1.00000 1.00000

0.00002 9.22632 1.57714
-0.07112 0.02428 -0.00400 0.99716
1.00000 1.00000 1.00000

-0.00000 16.25488 -0.00000
-0.05522 0.00508 -0.00080 0.99846
1.00000 1.00000 1.00000

-0.00000 13.70073 -0.00001
0.03413 0.00512 -0.00081 0.99940
1.00000 1.00000 1.00000

0.00000 13.87744 -4.35419
-0.15293 -0.00053 -0.03624 0.98757
1.00000 1.00000 1.00000

-0.00000 4.34003 0.92689
0.00000 0.00000 0.00000 1.00000
1.00000 1.00000 1.00000

-0.00000 4.02662 0.85851
-0.13315 -0.03135 0.07704 0.98760
1.00000 1.00000 1.00000

0.00941 38.40516 9.58780
-0.00000 0.00000 -0.00000 1.00000
1.00000 1.00000 1.00000

5.09006 16.23038 13.78620
0.50000 0.50000 -0.50000 0.50000
1.00000 1.00000 1.00000

-5.09006 16.23038 13.78620
0.50000 -0.50000 0.50000 0.50000
1.00000 1.00000 1.00000

6.14423 10.18701 -3.79325
0.52532 0.47678 -0.56341 0.42342
1.00000 1.00000 1.00000

0.00000 12.46601 0.00000
0.46285 0.10430 0.05780 0.87838
1.00000 1.00000 1.00000

0.00001 27.68699 0.00000
0.00000 -0.00000 0.03840 0.99926
1.00000 1.00000 1.00000

-0.00000 27.89479 0.00000
0.04239 0.02278 0.00856 0.99880
1.00000 1.00000 1.00000

-2.33002 2.42104 1.42961
0.21718 0.10333 0.17605 0.95455
1.00000 1.00000 1.00000

-0.00001 4.51393 0.00001
0.12032 -0.15826 -0.27657 0.94021
1.00000 1.00000 1.00000

0.00000 5.17868 -0.00000
-0.00464 -0.07985 -0.56595 0.82055
1.00000 1.00000 1.00000

0.00000 3.13343 -0.00000
0.00000 -0.00000 -0.00000 1.00000
1.00000 1.00000 1.00000

-2.20217 10.51481 0.26550
0.67842 0.00622 -0.09222 0.72884
1.00000 1.00000 1.00000

0.00001 5.54929 0.00000
0.85634 -0.00000 -0.10285 0.50607
1.00000 1.00000 1.00000

-0.00001 3.39111 0.00001
0.80382 -0.00000 -0.09655 0.58698
1.00000 1.00000 1.00000

-0.00001 2.59028 0.00000
-0.00000 -0.00000 -0.00000 1.00000
1.00000 1.00000 1.00000

0.06274 10.49077 0.03472
0.68651 -0.00165 -0.08422 0.72222
1.00000 1.00000 1.00000

0.00000 5.80542 0.00000
0.82035 0.00000 -0.09792 0.56342
1.00000 1.00000 1.00000

-0.00000 3.68200 0.00000
0.81179 0.00000 -0.09690 0.57585
1.00000 1.00000 1.00000

-0.00000 1.99505 -0.00000
-0.00000 0.00000 0.00000 1.00000
1.00000 1.00000 1.00000

2.37690 10.24072 0.08128
0.70448 -0.02446 -0.06287 0.70651
1.00000 1.00000 1.00000

0.00001 5.41894 -0.00000
0.80298 -0.00000 -0.09521 0.58836
1.00000 1.00000 1.00000

0.00000 3.72793 -0.00000
0.78292 0.00000 -0.09283 0.61516
1.00000 1.00000 1.00000

0.00000 1.68046 -0.00000
-0.00001 -0.00000 -0.00000 1.00000
1.00000 1.00000 1.00000

4.48120 9.82024 0.24560
0.73122 -0.04291 -0.05358 0.67868
1.00000 1.00000 1.00000

0.00001 3.68446 0.00000
0.75999 0.02721 -0.07030 0.64555
1.00000 1.00000 1.00000

0.00001 2.81520 0.00000
0.87843 0.00012 -0.10784 0.46554
1.00000 1.00000 1.00000

0.00000 2.15326 0.00000
-0.00000 -0.00000 -0.00000 1.00000
1.00000 1.00000 1.00000

-6.14423 10.18719 -3.79325
0.38807 -0.55092 0.66328 0.32550
1.00000 1.00000 1.00000

0.00000 12.46596 0.00001
0.47835 0.14895 -0.02782 0.86500
1.00000 1.00000 1.00000

0.00001 27.68702 -0.00000
-0.00000 -0.00000 -0.00000 1.00000
1.00000 1.00000 1.00000

-0.00000 27.89480 0.00002
0.17238 -0.16528 0.00857 0.97103
1.00000 1.00000 1.00000

2.33004 2.42100 1.43001
0.25790 -0.05695 -0.16651 0.95001
1.00000 1.00000 1.00000

-0.00000 4.51409 -0.00000
0.10476 -0.03378 0.31691 0.94205
1.00000 1.00000 1.00000

-0.00001 5.17848 -0.00000
0.11406 0.05126 0.49411 0.86036
1.00000 1.00000 1.00000

0.00000 3.13385 0.00001
-0.00000 0.00000 0.00000 1.00000
1.00000 1.00000 1.00000

2.20216 10.51480 0.26599
0.67685 -0.01651 0.10385 0.72857
1.00000 1.00000 1.00000

0.00001 5.54930 -0.00000
0.85622 0.00000 0.10384 0.50607
1.00000 1.00000 1.00000

-0.00000 3.39110 -0.00000
0.80371 0.00000 0.09748 0.58698
1.00000 1.00000 1.00000

-0.00000 2.59024 -0.00000
0.00000 0.00000 0.00000 1.00000
1.00000 1.00000 1.00000

-0.06274 10.49080 0.03500
0.68653 0.00171 0.08496 0.72212
1.00000 1.00000 1.00000

0.00000 5.80537 -0.00000
0.82015 -0.00000 0.09887 0.56354
1.00000 1.00000 1.00000

-0.00001 3.68200 0.00001
0.81169 -0.00004 0.09779 0.57585
1.00000 1.00000 1.00000

0.00001 1.99507 0.00000
-0.00001 0.00000 0.00000 1.00000
1.00000 1.00000 1.00000

-2.37689 10.24070 0.08200
0.71933 0.03465 0.05657 0.69150
1.00000 1.00000 1.00000

-0.00000 5.41896 0.00000
0.77069 0.00000 0.09229 0.63049
1.00000 1.00000 1.00000

0.00000 3.72797 0.00000
0.78281 -0.00004 0.09369 0.61516
1.00000 1.00000 1.00000

-0.00001 1.68045 -0.00000
-0.00000 0.00000 0.00000 1.00000
1.00000 1.00000 1.00000

-4.48119 9.82020 0.24600
0.73228 0.06901 0.03018 0.67682
1.00000 1.00000 1.00000

-0.00000 3.68448 0.00000
0.75743 -0.00000 0.09408 0.64610
1.00000 1.00000 1.00000

-0.00000 2.81518 0.00000
0.87830 -0.00012 0.10886 0.46555
1.00000 1.00000 1.00000

-0.00001 2.15327 -0.00000
0.00002 -0.00000 -0.00000 1.00000
1.00000 1.00000 1.00000

9.63378 -3.27327 0.00001
-0.09511 -0.03451 -0.98932 0.10493
1.00000 1.00000 1.00000

-0.00000 41.83453 -0.00001
-0.20089 -0.07664 0.01897 0.97643
1.00000 1.00000 1.00000

-0.00001 38.94325 -0.00000
0.19708 -0.02442 -0.14353 0.96952
1.00000 1.00000 1.00000

-0.00000 15.20001 0.00000
0.47049 -0.02017 0.05609 0.88039
1.00000 1.00000 1.00000

0.00001 18.50000 0.00000
0.00000 -0.00000 -0.00000 1.00000
1.00000 1.00000 1.00000

-9.63379 -3.27321 0.00001
-0.24481 0.00261 0.94995 0.19406
1.00000 1.00000 1.00000

-0.00000 41.83453 0.00000
-0.13423 0.07351 -0.02287 0.98795
1.00000 1.00000 1.00000

0.00001 38.94332 -0.00000
0.04978 -0.01078 0.05067 0.99742
1.00000 1.00000 1.00000

-0.00000 15.20000 0.00001
0.43482 0.01922 -0.05692 0.89851
1.00000 1.00000 1.00000

0.00000 18.49999 -0.00000
-0.00000 0.00000 -0.00000 1.00000
1.00000 1.00000 1.00000

KEYFRAME: 5
TIMESTAMP: 0.16667
-0.10742 93.84678 -3.62387
0.70841 -0.00551 0.00041 0.70578
1.00000 1.00000 1.00000

0.00002 9.22632 1.57714
-0.07177 0.02438 -0.00230 0.99712
1.00000 1.00000 1.00000

0.00000 16.25488 0.00000
-0.05533 0.00511 -0.00050 0.99846
1.00000 1.00000 1.00000

-0.00000 13.70073 0.00000
0.03403 0.00515 -0.00051 0.99941
1.00000 1.00000 1.00000

0.00000 13.87744 -4.35419
-0.15069 0.00069 -0.04189 0.98769
1.00000 1.00000 1.00000

-0.00000 4.34003 0.92690
-0.00000 -0.00000 0.00000 1.00000
1.00000 1.00000 1.00000

0.00000 4.02660 0.85852
-0.13344 -0.03209 0.07991 0.98731
1.00000 1.00000 1.00000

0.00941 38.40516 9.58781
-0.00000 -0.00000 0.00000 1.00000
1.00000 1.00000 1.00000

5.09006 16.23038 13.78621
0.50000 0.50000 -0.50000 0.50000
1.00000 1.00000 1.00000

-5.09006 16.23039 13.78621
0.50000 -0.50000 0.50000 0.50000
1.00000 1.00000 1.00000

6.14423 10.18701 -3.79324
0.52873 0.47510 -0.56227 0.42257
1.00000 1.00000 1.00000

0.00001 12.46600 -0.00000
0.46450 0.10186 0.06104 0.87758
1.00000 1.00000 1.00000

0.00000 27.68700 0.00000
0.00000 -0.00000 0.04146 0.99914
1.00000 1.00000 1.00000

0.00000 27.89478 0.00000
0.04152 0.02792 0.00915 0.99871
1.00000 1.00000 1.00000

-2.33002 2.42104 1.42960
0.21718 0.10333 0.17605 0.95455
1.00000 1.00000 1.00000

0.00000 4.51394 0.00000
0.12032 -0.15826 -0.27657 0.94021
1.00000 1.00000 1.00000

0.00000 5.17868 -0.00000
-0.00464 -0.07985 -0.56595 0.82055
1.00000 1.00000 1.00000

0.00000 3.13344 -0.00000
0.00000 -0.00000 -0.00000 1.00000
1.00000 1.00000 1.00000

-2.20215 10.51481 0.26550
0.67842 0.00622 -0.09222 0.72884
1.00000 1.00000 1.00000

-0.00000 5.54929 0.00000
0.85634 -0.00000 -0.10285 0.50607
1.00000 1.00000 1.00000

0.00000 3.39111 0.00000
0.80382 -0.00000 -0.09655 0.58698
1.00000 1.00000 1.00000

-0.00000 2.59028 -0.00000
-0.00000 -0.00000 -0.00000 1.00000
1.00000 1.00000 1.00000

0.06276 10.49077 0.03472
0.68651 -0.00165 -0.08422 0.72222
1.00000 1.00000 1.00000

0.00000 5.80542 -0.00000
0.82035 0.00000 -0.09792 0.56342
1.00000 1.00000 1.00000

-0.00001 3.68200 0.00000
0.81179 0.00000 -0.09690 0.57585
1.00000 1.00000 1.00000

-0.00001 1.99505 0.00000
0.00000 0.00000 0.00000 1.00000
1.00000 1.00000 1.00000

2.37691 10.24072 0.08128
0.70448 -0.02446 -0.06287 0.70651
1.00000 1.00000 1.00000

-0.00001 5.41893 -0.00000
0.80298 -0.00000 -0.09521 0.58836
1.00000 1.00000 1.00000

-0.00000 3.72793 -0.00001
0.78292 0.00000 -0.09283 0.61516
1.00000 1.00000 1.00000

-0.00000 1.68047 0.00000
-0.00001 -0.00000 -0.00000 1.00000
1.00000 1.00000 1.00000

4.48119 9.82024 0.24560
0.73122 -0.04291 -0.05358 0.67868
1.00000 1.00000 1.00000

-0.00001 3.68447 0.00000
0.75999 0.02721 -0.07030 0.64555
1.00000 1.00000 1.00000

-0.00001 2.81520 0.00000
0.87843 0.00012 -0.10784 0.46554
1.00000 1.00000 1.00000

0.00000 2.15327 0.00000
